       10.904363858000000        9.949283262700000        7.516232700500000
       10.180446701899999        9.177863872400000        7.774527914600000
       10.590687559999999        8.538829194000002        8.555108950599999
        9.263014413900001        9.644794539199999        8.129714361500000
        9.876195799400001        8.348016830000001        6.549389712700000
       10.102805034599999        7.139110069300000        6.551543349500000
        9.364584026000001        8.996717321400000        5.505141275200000
        9.225613508100000        9.993398743700000        5.593858747900001
        9.006663750000000        8.383488926700000        4.219437547100000
        9.626506189400001        7.499749161600000        4.058550042100000
        7.532923736200001        7.939689470700001        4.261306087500000
        7.415340110300001        7.179464750600000        5.035142251100000
        6.915326728100000        8.793135866500000        4.546954123300000
        7.013569698400001        7.378624707200000        2.948312639100000
        6.245365621800000        8.189960890600000        2.088000970700000
        5.996254329500000        9.204217437400001        2.375863398400000
        5.809487403700000        7.688906556900000        0.845827497200000
        5.222903906500000        8.307367519700000        0.180797337000000
        6.139067179600000        6.372114654000001        0.460261221800000
        5.716203095000000        5.893018228000000       -0.739590906400000
        6.002460016200000        4.980855677800001       -0.875831548700000
        6.902374756800000        5.557160348500001        1.325111878000000
        7.154590752200001        4.547235047300000        1.031931199000000
        7.339644030000000        6.062320501600000        2.566001781900000
        7.931594263000000        5.437703414600001        3.224442956000000
        9.249800525900000        9.346259948500002        3.043834254000000
        9.066552646800000       10.561938592500001        3.175020052900000
        9.613995058500000        8.800807985500001        1.878757080200000
        9.727324863100002        7.797481842100000        1.834591899800000
        9.680083046500000        9.531352127800000        0.609994582200000
        9.052456759000002       10.417972513200001        0.693464876500000
       11.118217819500000       10.004131976400002        0.338718709900000
       11.574268841700000       10.310476182300002        1.281841818100000
       11.709821039800000        9.174304083200001       -0.051276885000000
       11.192813038000001       11.179987669400003       -0.618997648500000
       11.217616036800003       10.975100628100000       -2.013306969000000
       11.215915823500000        9.969542997400000       -2.415956391600000
       11.237462606400001       12.080417159300001       -2.887778507000001
       11.249209634000000       11.931079205800000       -3.958770647400001
       11.237200546300000       13.392813143800000       -2.368272922900001
       11.249297174600001       14.457175050400000       -3.210347415100000
       11.217977856200001       15.299630446600000       -2.723211996500000
       11.219665953200002       13.597467752000000       -0.973667243400000
       11.210904467800001       14.601152057100002       -0.572749911000000
       11.203443890400001       12.490861646600001       -0.104386449500000
       11.188390577600002       12.650339664400001        0.965626392100000
        9.130331670000000        8.683007070300000       -0.548680065600000
        9.418826618000001        7.487338984300000       -0.649519233300000
        8.357523732800001        9.311158617300000       -1.435515842300000
        8.172431039300001       10.294972840800002       -1.295750218000000
        7.752957259100001        8.701059087599999       -2.623015577000000
        8.514816485300001        8.153408340800000       -3.179227029900000
        6.969595348300001        8.002689736000002       -2.327762832000000
        7.142390912500000        9.769062308200001       -3.534464593400001
        6.743637533400000       10.837569969000000       -3.059341204700000
        7.108232499800001        9.518788647799999       -4.846534270400000
        7.445553917200000        8.625036791900001       -5.175137944500000
        6.796638175400001       10.549776253700001       -5.844778564700000
        6.794048116600001       10.111523261100000       -6.842855814800000
        5.805787342500000       10.961914367600000       -5.649294296400001
        7.837843321900000       11.675593975000000       -5.809594879200000
        9.036304172900000       11.417885070400001       -5.953404766200000
        7.395274484500000       12.913085141600000       -5.574816070700000
        6.399640410500001       13.051162420800001       -5.469947696300000
        8.266789975000000       14.049759549499999       -5.259180562500000
        9.185500018700001       13.674396094800001       -4.806517628500000
        8.647244792800000       14.794852811300002       -6.548985505700000
        9.175758334299999       14.108230614600000       -7.211943175800001
        7.736195938200001       15.109588096700001       -7.060779999700000
        9.525115743700001       16.010881175800002       -6.309572193000001
        8.949643688600000       17.295442702999999       -6.231142021400000
        7.883507062800000       17.423020076000004       -6.375989419800000
        9.756655866599999       18.415108616099999       -5.949267921000001
        9.320562068099999       19.402402335200001       -5.883945867100000
       11.144048778300000       18.253776498600001       -5.747597514600000
       11.918891371200001       19.336698237499998       -5.474341180300000
       12.846157524900001       19.089434218000001       -5.366154781100001
       11.721095939300001       16.967979510399999       -5.833111825400001
       12.783589906800001       16.840977554200002       -5.677156915600001
       10.910511000700001       15.850169930600000       -6.113200913400000
       11.352926797800000       14.862554706999999       -6.161666904100001
        7.610494226000000       15.010546209100001       -4.254439204400000
        6.431392897200000       15.350768302500001       -4.385553095700000
        8.399379679800001       15.491877621400002       -3.291580208500001
        9.347569847500001       15.141694729499999       -3.255244952400000
        8.119030313400000       16.684119277200001       -2.483479976100000
        7.553480388700000       17.381525399100003       -3.104268417800001
        7.239252776900000       16.340791970400002       -1.264816168900000
        6.903508658900000       17.278283345999998       -0.819034104100000
        6.339675317700000       15.834482195900001       -1.617577793000000
        7.869531333200001       15.503885475200001       -0.160673659900000
        7.592383013200000       14.124220213700001       -0.066907927600000
        6.970276252900001       13.646588510899999       -0.813875927800000
        8.098413798299999       13.369585976200000        1.012038899800000
        7.866191724600000       12.318900244800000        1.095325816200000
        8.899089067600000       13.991335425200003        1.995228492300000
        9.401774187499999       13.279386726100000        3.039453740300000
        9.169927983999999       12.333724901100000        3.000777746000000
        9.182351371699999       15.369526081600000        1.896504641300000
        9.790471418899999       15.842856632000000        2.654942829700000
        8.661436682700000       16.123971244000000        0.827628153100000
        8.860664197800002       17.187020114399999        0.777894166900000
        9.422244135300000       17.401861288100001       -2.079885026800000
       10.499199885399999       16.793469827700001       -2.059624519200000
        9.327781642300000       18.697114193499999       -1.756119675900000
        8.413853915900001       19.127869306499999       -1.796414622400000
       10.456860131500001       19.539402843600005       -1.360707261300000
       10.107381193700000       20.544015226399999       -1.115289273000000
       10.954257871100001       19.115470325299999       -0.485996097700000
       11.177374413300001       19.606796183899998       -2.178476970300001
