         1    -152.9588401    
         2    -152.9588401    
         3    -152.9749496    
         4    -152.9750838    
         5    -152.9751025    
         6    -152.9751025    
         7    -152.9751025    
         8    -152.9751025    
         9    -152.9751025    
        10    -152.9751025    
        11    -152.9751025    
        12    -152.9751025    
        13    -152.9751025    
        14    -152.9751025    
        15    -152.9751025    
        16    -152.9751025    
        17    -152.9751025    
        18    -152.9751025    
        19    -152.9751025    
        20    -152.9751025    
        21    -152.9751025    
        22    -152.9751025    
        23    -152.9751025    
        24    -152.9751025    
        25    -152.9751025    
        26    -152.9751025    
        27    -152.9751025    
        28    -152.9751025    
        29    -152.9751025    
        30    -152.9751025    
        31    -152.9751025    
        32    -152.9751025    
        33    -152.9751025    
        34    -152.9751025    
        35    -152.9751025    
        36    -152.9751025    
        37    -152.9751025    
        38    -152.9751025    
        39    -152.9751025    
        40    -152.9751025    
        41    -152.9751025    
        42    -152.9751025    
        43    -152.9751025    
        44    -152.9751025    
        45    -152.9751025    
        46    -152.9751025    
        47    -152.9751025    
        48    -152.9751025    
        49    -152.9751025    
        50    -152.9751025    
        51    -152.9751025    
        52    -152.9751025    
        53    -152.9751025    
        54    -152.9751025    
        55    -152.9751025    
        56    -152.9751025    
        57    -152.9751025    
        58    -152.9751025    
        59    -152.9751025    
        60    -152.9751025    
        61    -152.9751025    
        62    -152.9751025    
        63    -152.9751025    
        64    -152.9751025    
        65    -152.9751025    
        66    -152.9751025    
        67    -152.9751025    
        68    -152.9751025    
        69    -152.9751025    
        70    -152.9751025    
        71    -152.9751025    
        72    -152.9751025    
        73    -152.9751025    
        74    -152.9751025    
        75    -152.9751025    
        76    -152.9751025    
        77    -152.9751025    
        78    -152.9751025    
        79    -152.9751025    
        80    -152.9751025    
        81    -152.9751025    
        82    -152.9751025    
        83    -152.9751025    
        84    -152.9751025    
        85    -152.9751025    
        86    -152.9751025    
        87    -152.9751025    
        88    -152.9751025    
        89    -152.9751025    
        90    -152.9751025    
        91    -152.9751025    
        92    -152.9751025    
        93    -152.9751025    
        94    -152.9751025    
        95    -152.9751025    
        96    -154.2868205    
        97    -154.3473228    
        98    -154.3473271    
        99    -154.3473271    
       100    -154.3473271    
