         1     -152.9588401380
         2     -152.9588320290
         3     -152.9749496412
         4     -152.9750838122
         5     -152.9751025153
         6     -152.3800515104
         7     -152.3799966501
         8     -152.3800114502
         9     -152.4069567072
        10     -152.4069169407
        11     -152.4069359754
        12     -152.4069620721
        13     -152.2706586473
        14     -152.4069511146
        15     -152.4069555471
        16     -152.7983708363
        17     -151.8762047277
        18     -152.7983669990
        19     -152.7983422695
        20     -152.4577325878
        21     -152.4577285416
        22     -152.4577189107
        23     -152.4577289491
        24     -150.8989613307
        25     -150.8989613337
        26     -150.8989539365
        27     -150.8989613332
        28     -150.8989503543
        29     -150.8989613333
        30     -150.8989310375
        31     -150.8989203964
        32     -150.8989517531
        33     -150.8989408550
        34     -150.8989349564
        35     -150.8989613301
        36     -150.8989598928
        37     -150.8989453288
        38     -150.8989613290
        39     -150.8989543265
        40     -150.3183300651
        41     -150.8989613328
        42     -150.8989396682
        43     -150.8989608580
        44     -150.8989557775
        45     -150.8989574588
        46     -150.8989613333
        47     -150.8989613277
        48     -150.8989517042
        49     -150.8989570085
        50     -150.8989613330
        51     -150.8989530485
        52     -150.9045517836
        53     -150.9045606539
        54     -150.9045732821
        55     -150.9045658803
        56     -151.7919065321
        57     -151.7918850445
        58     -151.7918987219
        59     -151.7919040753
        60     -150.8906654829
        61     -150.7332863654
        62     -151.7919043819
        63     -151.7918990870
        64     -151.7857289331
        65     -151.7856988351
        66     -151.7857242425
        67     -151.7856951008
        68     -151.7857289302
        69     -151.0555961087
        70     -151.7857289298
        71     -151.7857127093
        72     -151.7857104286
        73     -151.7857005151
        74     -150.2401397821
        75     -151.7857177666
        76      -12.7163100900
        77     -151.7856969795
        78     -151.7919008612
        79     -151.7918990133
        80     -151.7919048598
        81     -151.7919055572
        82     -151.7919065321
        83     -151.7919014286
        84     -151.7919065309
        85     -150.7332772684
        86     -151.7918275356
        87     -151.7919052594
        88     -151.7919050969
        89     -151.7918954059
        90     -151.7918838992
        91     -151.7919065273
        92     -151.2131903410
        93     -151.7919036883
        94     -151.7918940552
        95     -150.2716630021
        96     -154.2868204789
        97     -154.3473227621
        98     -154.3473271132
        99     -154.3473241734
       100     -154.3473218646
