         1    -152.9587820    
         2    -152.9588401    
         3    -152.9588320    
         4    -152.9749496    
         5    -152.9750838    
         6    -152.9751025    
         7    -152.3800515    
         8    -152.3799967    
         9    -152.3800115    
        10    -152.4069567    
        11    -152.4069169    
        12    -152.4069360    
        13    -152.4069621    
        14    -152.4069621    
        15    -152.4069511    
        16    -152.4069555    
        17    -152.7983708    
        18    -152.7983708    
        19    -152.7983670    
        20    -152.7983423    
        21    -152.4577326    
        22    -152.4577285    
        23    -152.4577189    
        24    -152.4577289    
        25    -150.8989613    
        26    -150.8989613    
        27    -150.8989539    
        28    -150.8989613    
        29    -150.8989504    
        30    -150.8989613    
        31    -150.8989310    
        32    -150.8989204    
        33    -150.8989518    
        34    -150.8989409    
        35    -150.8989350    
        36    -150.8989613    
        37    -150.8989599    
        38    -150.8989453    
        39    -150.8989613    
        40    -150.8989543    
        41    -150.8989543    
        42    -150.8989613    
        43    -150.8989397    
        44    -150.8989609    
        45    -150.8989558    
        46    -150.8989575    
        47    -150.8989613    
        48    -150.8989613    
        49    -150.8989517    
        50    -150.8989570    
        51    -150.8989613    
        52    -150.8989530    
        53    -150.9045518    
        54    -150.9045607    
        55    -150.9045733    
        56    -150.9045659    
        57    -151.7919065    
        58    -151.7918850    
        59    -151.7918987    
        60    -151.7919041    
        61    -151.7919041    
        62    -151.7919041    
        63    -151.7919044    
        64    -151.7918991    
        65    -151.7857289    
        66    -151.7856988    
        67    -151.7857242    
        68    -151.7856951    
        69    -151.7857289    
        70    -151.7857289    
        71    -151.7857289    
        72    -151.7857127    
        73    -151.7857104    
        74    -151.7857005    
        75    -151.7857005    
        76    -151.7857178    
        77    -151.7857178    
        78    -151.7856970    
        79    -151.7919009    
        80    -151.7918990    
        81    -151.7919049    
        82    -151.7919056    
        83    -151.7919065    
        84    -151.7919014    
        85    -151.7919065    
        86    -151.7919065    
        87    -151.7918275    
        88    -151.7919053    
        89    -151.7919051    
        90    -151.7918954    
        91    -151.7918839    
        92    -151.7919065    
        93    -151.7919065    
        94    -151.7919037    
        95    -151.7918941    
        96    -151.7918941    
        97    -154.2868205    
        98    -154.3473228    
        99    -154.3473271    
       100    -154.3473242    
