         1    -152.9587820    
         2    -152.9587820    
         3    -152.9587820    
         4    -153.3017824    
         5    -153.3017824    
         6    -153.3017824    
         7    -153.3017824    
         8    -153.3017824    
         9    -153.3017824    
        10    -153.3017824    
        11    -153.3017824    
        12    -153.3017824    
        13    -153.3017824    
        14    -153.3017824    
        15    -153.3017824    
        16    -153.3017824    
        17    -153.3017824    
        18    -153.3017824    
        19    -153.3017824    
        20    -153.3017824    
        21    -153.3017824    
        22    -153.3017824    
        23    -153.3017824    
        24    -153.3017824    
        25    -153.3017824    
        26    -153.3017824    
        27    -153.3017824    
        28    -153.3017824    
        29    -153.3017824    
        30    -153.3017824    
        31    -153.3017824    
        32    -153.3017824    
        33    -153.3017824    
        34    -154.0383948    
        35    -154.0383948    
        36    -154.0383948    
        37    -154.0383948    
        38    -154.0383948    
        39    -154.0383948    
        40    -154.0383948    
        41    -154.0383948    
        42    -154.0383948    
        43    -154.0383948    
        44    -154.0383948    
        45    -154.0383948    
        46    -154.0383948    
        47    -154.0383948    
        48    -154.0383948    
        49    -154.0383948    
        50    -154.0383948    
        51    -154.0383948    
        52    -154.0383948    
        53    -154.0383948    
        54    -154.0383948    
        55    -154.0383948    
        56    -154.0383948    
        57    -154.0383948    
        58    -154.0383948    
        59    -154.0383948    
        60    -154.0383948    
        61    -154.0383948    
        62    -154.0383948    
        63    -154.0383948    
        64    -154.0383948    
        65    -154.0383948    
        66    -154.0383948    
        67    -154.0383948    
        68    -154.0383948    
        69    -154.0383948    
        70    -154.0383948    
        71    -154.0383948    
        72    -154.0383948    
        73    -154.0383948    
        74    -154.0383948    
        75    -154.0383948    
        76    -154.0383948    
        77    -154.0383948    
        78    -154.0383948    
        79    -154.0383948    
        80    -154.0383948    
        81    -154.0383948    
        82    -154.0383948    
        83    -154.0383948    
        84    -154.0383948    
        85    -154.0383948    
        86    -154.0383948    
        87    -154.0383948    
        88    -154.0383948    
        89    -154.0383948    
        90    -154.0383948    
        91    -154.0383948    
        92    -154.0383948    
        93    -154.0383948    
        94    -154.0383948    
        95    -154.0383948    
        96    -154.0383948    
        97    -154.0383948    
        98    -154.0383948    
        99    -154.0383948    
       100    -154.0383948    
       101    -154.0383948    
       102    -154.0383948    
       103    -154.0383948    
       104    -154.0383948    
       105    -154.0383948    
       106    -154.0383948    
       107    -154.0383948    
       108    -154.0383948    
       109    -154.0383948    
       110    -154.0383948    
       111    -154.0383948    
       112    -154.0383948    
       113    -154.0383948    
       114    -154.0383948    
       115    -154.0383948    
       116    -154.0383948    
       117    -154.0383948    
       118    -154.0383948    
       119    -154.0383948    
       120    -154.0383948    
       121    -154.0383948    
       122    -154.0383948    
       123    -154.0383948    
       124    -154.0383948    
       125    -154.0383948    
       126    -154.0383948    
       127    -154.0383948    
       128    -154.0383948    
       129    -154.0383948    
       130    -154.0383948    
       131    -154.0383948    
       132    -154.0383948    
       133    -154.0383948    
       134    -154.0383948    
       135    -154.0383948    
       136    -154.0383948    
       137    -154.0383948    
       138    -154.0383948    
       139    -154.0383948    
       140    -154.0383948    
       141    -154.0383948    
       142    -154.0383948    
       143    -154.0383948    
       144    -154.0383948    
       145    -154.0383948    
       146    -154.0383948    
       147    -154.0383948    
       148    -154.0383948    
       149    -154.0383948    
       150    -154.0383948    
       151    -154.0383948    
       152    -154.0383948    
       153    -154.0383948    
       154    -154.0383948    
       155    -154.0383948    
       156    -154.0383948    
       157    -154.0383948    
       158    -154.0383948    
       159    -154.0383948    
       160    -154.0383948    
       161    -154.0383948    
       162    -154.0383948    
       163    -154.0383948    
       164    -154.0383948    
       165    -154.0383948    
       166    -154.0383948    
       167    -154.0383948    
       168    -154.0383948    
       169    -154.0383948    
       170    -154.0383948    
       171    -154.0383948    
       172    -154.0383948    
       173    -154.0383948    
       174    -154.0383948    
       175    -154.0383948    
       176    -154.0383948    
       177    -154.0383948    
       178    -154.0383948    
       179    -154.0383948    
       180    -154.0383948    
       181    -154.0383948    
       182    -154.0383948    
       183    -154.0383948    
       184    -154.0383948    
       185    -154.0383948    
       186    -154.0383948    
       187    -154.0383948    
       188    -154.0383948    
       189    -154.0383948    
       190    -154.0383948    
       191    -154.0383948    
       192    -154.0383948    
       193    -154.0383948    
       194    -154.0383948    
       195    -154.0383948    
       196    -154.0383948    
       197    -154.0383948    
       198    -154.0383948    
       199    -154.0383948    
       200    -154.0383948    
