         1    -153.3017675    
         2    -153.3017675    
         3    -153.3017675    
         4    -153.3017814    
         5    -153.3017838    
         6    -153.3017838    
         7    -153.3017838    
         8    -153.3017838    
         9    -153.4255116    
        10    -153.4255116    
        11    -153.4255116    
        12    -153.4255116    
        13    -153.4255116    
        14    -153.4255116    
        15    -153.4255116    
        16    -153.4255116    
        17    -153.4255116    
        18    -153.4255116    
        19    -153.4255116    
        20    -153.4255116    
        21    -153.4255116    
        22    -153.4255116    
        23    -153.4255116    
        24    -153.4255116    
        25    -153.4255116    
        26    -153.4255116    
        27    -153.4255116    
        28    -153.4255116    
        29    -153.4255116    
        30    -153.4255116    
        31    -153.4255116    
        32    -153.4255116    
        33    -153.4255116    
        34    -153.4255116    
        35    -153.4255116    
        36    -153.4255116    
        37    -153.4255116    
        38    -153.4255116    
        39    -153.4255116    
        40    -153.4255116    
        41    -153.4255116    
        42    -153.4255116    
        43    -153.4314433    
        44    -153.4314433    
        45    -153.4314624    
        46    -153.4314624    
        47    -153.4314624    
        48    -153.4314624    
        49    -153.4314624    
        50    -153.4314624    
        51    -153.4314624    
        52    -153.4314624    
        53    -153.4314624    
        54    -153.4314624    
        55    -153.4314624    
        56    -153.4314624    
        57    -153.4314633    
        58    -153.4418887    
        59    -153.4419219    
        60    -153.4419219    
        61    -153.4419363    
        62    -153.4419363    
        63    -153.4419363    
        64    -153.4419363    
        65    -153.4419363    
        66    -153.4419363    
        67    -153.4419363    
        68    -153.4419363    
        69    -153.4419363    
        70    -153.4419363    
        71    -153.4419363    
        72    -153.4419363    
        73    -153.4419363    
        74    -153.4419363    
        75    -153.4419363    
        76    -153.4419363    
        77    -153.4419363    
        78    -153.4419363    
        79    -153.4419363    
        80    -153.4419363    
        81    -153.4419363    
        82    -153.4419363    
        83    -153.4419363    
        84    -153.4419363    
        85    -153.4419363    
        86    -153.4419363    
        87    -153.4419363    
        88    -153.4419363    
        89    -153.4419363    
        90    -153.4419363    
        91    -153.4419363    
        92    -153.4419363    
        93    -153.4419363    
        94    -153.4419363    
        95    -153.4419363    
        96    -153.4419363    
        97    -153.4419363    
        98    -153.4419363    
        99    -153.4419363    
       100    -153.4419363    
       101    -153.4419363    
       102    -153.4419363    
       103    -153.4419363    
       104    -153.4419363    
       105    -153.4419363    
       106    -153.4419363    
       107    -153.4419363    
       108    -153.4419363    
       109    -153.4419363    
       110    -153.4419363    
       111    -153.4419363    
       112    -153.4419363    
       113    -153.4419363    
       114    -153.4419363    
       115    -153.4419363    
       116    -153.4419363    
       117    -153.4419363    
       118    -153.4419363    
       119    -153.4419363    
       120    -153.4419363    
       121    -153.4419363    
       122    -153.4419363    
       123    -153.4419363    
       124    -153.4419363    
       125    -153.4419363    
       126    -153.4419363    
       127    -153.4419363    
       128    -153.4419363    
       129    -153.4419363    
       130    -153.4419363    
       131    -153.4419363    
       132    -153.4419363    
       133    -153.4419363    
       134    -153.4419363    
       135    -153.4419363    
       136    -153.4419363    
       137    -153.4419363    
       138    -153.4419363    
       139    -153.4419363    
       140    -153.4419363    
       141    -153.4419363    
       142    -153.4419363    
       143    -153.4419363    
       144    -153.4419363    
       145    -153.4419363    
       146    -153.4419363    
       147    -153.8732102    
       148    -153.8760573    
       149    -153.8760573    
       150    -153.8760573    
       151    -153.8760573    
       152    -153.8760573    
       153    -154.6610349    
       154    -154.6610349    
       155    -154.6651779    
       156    -154.6651784    
       157    -154.6651784    
       158    -154.6651784    
       159    -154.6658961    
       160    -154.6658961    
       161    -154.6658961    
       162    -154.6658961    
       163    -154.6658961    
       164    -154.6658961    
       165    -154.6658961    
       166    -154.6658961    
       167    -154.6658965    
       168    -154.6658965    
       169    -154.6658965    
       170    -154.6658965    
       171    -154.6658965    
       172    -154.6658965    
       173    -154.6658965    
       174    -154.6658965    
       175    -154.6658965    
       176    -154.6658965    
       177    -154.6658965    
       178    -154.6658965    
       179    -154.6658965    
       180    -154.6658965    
       181    -154.6658965    
       182    -154.6658965    
       183    -154.6658965    
       184    -154.6658965    
       185    -154.6658965    
       186    -154.6658965    
       187    -154.6658965    
       188    -154.6658965    
       189    -154.6658965    
       190    -154.6658965    
       191    -154.6658965    
       192    -154.6658965    
       193    -154.6658965    
       194    -154.6658965    
       195    -154.6658965    
       196    -154.6658965    
       197    -154.6658965    
       198    -154.6658965    
       199    -154.6658965    
       200    -154.6658965    
