         1    -152.9587820    
         2    -152.9588522    
         3    -152.9588522    
         4    -152.9588522    
         5    -152.9588522    
         6    -152.9588522    
         7    -152.9588522    
         8    -152.9588522    
         9    -152.9588522    
        10    -152.9588522    
        11    -152.9588522    
        12    -152.9588522    
        13    -152.9588522    
        14    -152.9588522    
        15    -152.9588522    
        16    -152.9588522    
        17    -152.9588522    
        18    -152.9588522    
        19    -152.9588522    
        20    -152.9588522    
        21    -153.4813884    
        22    -153.4813884    
        23    -153.4813884    
        24    -153.4813884    
        25    -153.4813884    
        26    -153.4813884    
        27    -153.4813884    
        28    -153.4813884    
        29    -153.4813884    
        30    -153.4813884    
        31    -153.4813884    
        32    -153.4813884    
        33    -153.4813884    
        34    -153.4813884    
        35    -153.4813884    
        36    -153.4813884    
        37    -153.4813884    
        38    -153.4813884    
        39    -153.4813884    
        40    -153.4813884    
        41    -153.4813884    
        42    -153.4813884    
        43    -153.4813884    
        44    -153.4813884    
        45    -153.4813884    
        46    -153.4813884    
        47    -153.4813884    
        48    -153.4813884    
        49    -153.4813884    
        50    -153.4813884    
        51    -153.4813884    
        52    -153.4813884    
        53    -153.4813884    
        54    -153.4813884    
        55    -153.4813884    
        56    -153.4813884    
        57    -153.4813884    
        58    -153.4813884    
        59    -153.4813884    
        60    -153.4813884    
        61    -153.4813884    
        62    -153.4813884    
        63    -153.4813884    
        64    -153.4813884    
        65    -153.4813884    
        66    -153.4813884    
        67    -153.4813884    
        68    -153.4813884    
        69    -153.4813884    
        70    -153.4813884    
        71    -153.4813884    
        72    -153.4813884    
        73    -153.4813884    
        74    -153.4813884    
        75    -153.4813884    
        76    -153.4813884    
        77    -153.4813884    
        78    -153.4813884    
        79    -153.4813884    
        80    -153.4813884    
        81    -153.4813884    
        82    -153.4813884    
        83    -153.4813884    
        84    -153.4813884    
        85    -153.4813884    
        86    -153.4813884    
        87    -153.4813884    
        88    -153.4813884    
        89    -153.4813884    
        90    -153.4813884    
        91    -153.4813884    
        92    -153.4813884    
        93    -153.4813884    
        94    -153.4813884    
        95    -153.4813884    
        96    -153.4813884    
        97    -153.4813884    
        98    -153.4813884    
        99    -153.4813884    
       100    -153.4813884    
       101    -153.4813884    
       102    -153.4813884    
       103    -153.4813884    
       104    -153.4813884    
       105    -153.4813884    
       106    -153.4813884    
       107    -153.4813884    
       108    -153.4813884    
       109    -153.4813884    
       110    -153.4813884    
       111    -153.4813884    
       112    -153.4813884    
       113    -153.4813884    
       114    -153.4813884    
       115    -153.4813884    
       116    -153.4813884    
       117    -153.4813884    
       118    -153.4813884    
       119    -153.4813884    
       120    -153.4813884    
       121    -153.4813884    
       122    -153.4813884    
       123    -153.4813884    
       124    -153.4813884    
       125    -153.4813884    
       126    -153.4813884    
       127    -153.4813884    
       128    -153.4813884    
       129    -153.4813884    
       130    -153.4813884    
       131    -153.4813884    
       132    -153.4813884    
       133    -153.4813884    
       134    -153.4813884    
       135    -153.4813884    
       136    -153.4813884    
       137    -153.4813884    
       138    -153.4813884    
       139    -153.4813884    
       140    -153.4813884    
       141    -153.4813884    
       142    -153.4813884    
       143    -153.4813884    
       144    -153.4813884    
       145    -153.4813884    
       146    -153.4813884    
       147    -153.4813884    
       148    -153.4813884    
       149    -153.4813884    
       150    -153.4813884    
       151    -153.4813884    
       152    -153.4813884    
       153    -153.4813884    
       154    -153.4813884    
       155    -153.4813884    
       156    -153.4813884    
       157    -153.4813884    
       158    -153.4813884    
       159    -153.4813884    
       160    -153.4813884    
       161    -153.4813884    
       162    -153.4813884    
       163    -153.4813884    
       164    -153.4813884    
       165    -153.4813884    
       166    -153.4813884    
       167    -153.4813884    
       168    -153.4813884    
       169    -153.4813884    
       170    -153.4813884    
       171    -153.4813884    
       172    -153.4813884    
       173    -153.4813884    
       174    -153.4813884    
       175    -153.4813884    
       176    -153.4813884    
       177    -153.4813884    
       178    -153.4813884    
       179    -153.4813884    
       180    -153.4813884    
       181    -153.4813884    
       182    -153.4813884    
       183    -153.4813884    
       184    -153.4813884    
       185    -153.4813884    
       186    -153.4813884    
       187    -153.4813884    
       188    -153.4813884    
       189    -153.4813884    
       190    -153.4813884    
       191    -153.4813884    
       192    -153.4813884    
       193    -153.4813884    
       194    -153.4813884    
       195    -153.4813884    
       196    -153.4813884    
       197    -153.4813884    
       198    -153.4813884    
       199    -153.4813884    
       200    -153.4813884    
