         1    -152.9587820    
         2    -152.9588179    
         3    -152.9588404    
         4    -152.9588404    
         5    -152.9588506    
         6    -152.9588506    
         7    -152.9588506    
         8    -152.9588506    
         9    -152.9588506    
        10    -152.9588506    
        11    -152.9588506    
        12    -152.9588506    
        13    -152.9588506    
        14    -152.9588506    
        15    -152.9588506    
        16    -152.9588506    
        17    -152.9588506    
        18    -152.9588506    
        19    -152.9588506    
        20    -152.9588506    
        21    -152.9588506    
        22    -152.9588506    
        23    -152.9588506    
        24    -152.9588506    
        25    -152.9588506    
        26    -152.9588506    
        27    -152.9588506    
        28    -152.9588506    
        29    -152.9588506    
        30    -152.9588506    
        31    -152.9588506    
        32    -152.9588506    
        33    -152.9588506    
        34    -152.9588506    
        35    -152.9588506    
        36    -152.9588506    
        37    -152.9588506    
        38    -152.9588506    
        39    -152.9588506    
        40    -152.9588506    
        41    -152.9588506    
        42    -153.2478295    
        43    -153.2478295    
        44    -153.3083348    
        45    -153.3083418    
        46    -153.3083418    
        47    -153.3083418    
        48    -153.3083418    
        49    -153.3083418    
        50    -153.3083418    
        51    -153.3083418    
        52    -153.3083418    
        53    -153.3083418    
        54    -153.3083418    
        55    -153.3083418    
        56    -153.3083418    
        57    -153.3083418    
        58    -153.3083418    
        59    -153.3083418    
        60    -153.3083418    
        61    -153.3083418    
        62    -153.3083418    
        63    -153.3083418    
        64    -153.3083418    
        65    -153.3083418    
        66    -153.3083418    
        67    -153.3083418    
        68    -153.3083418    
        69    -153.3083418    
        70    -153.3083418    
        71    -153.3083418    
        72    -153.3083418    
        73    -153.4255761    
        74    -153.4255761    
        75    -153.4255761    
        76    -153.4255761    
        77    -153.4255761    
        78    -153.4255761    
        79    -153.4255761    
        80    -153.4255761    
        81    -153.4255761    
        82    -153.4255761    
        83    -153.4255761    
        84    -153.4255761    
        85    -153.4255761    
        86    -153.4255761    
        87    -153.4255761    
        88    -153.4255761    
        89    -153.4255761    
        90    -153.4255761    
        91    -153.4255761    
        92    -153.4255761    
        93    -153.4255761    
        94    -153.4255761    
        95    -153.4255761    
        96    -153.4255761    
        97    -153.4255761    
        98    -153.4255761    
        99    -153.4255761    
       100    -153.4255761    
       101    -153.4255761    
       102    -153.4255761    
       103    -153.4255761    
       104    -153.4255761    
       105    -153.4255761    
       106    -153.4255761    
       107    -153.4255761    
       108    -153.4255761    
       109    -153.4255761    
       110    -153.4255761    
       111    -153.4255761    
       112    -153.4255761    
       113    -153.4255761    
       114    -153.4255761    
       115    -153.4255761    
       116    -153.4255761    
       117    -153.4255761    
       118    -153.4255761    
       119    -153.4255761    
       120    -153.4255761    
       121    -153.4255761    
       122    -153.4255761    
       123    -153.4255761    
       124    -153.4255761    
       125    -153.4255761    
       126    -153.4255761    
       127    -153.4255761    
       128    -153.4255761    
       129    -153.4255761    
       130    -153.4255761    
       131    -153.4255761    
       132    -153.4255761    
       133    -153.4255761    
       134    -153.4255761    
       135    -153.4255761    
       136    -153.4255761    
       137    -153.4255761    
       138    -153.4255761    
       139    -153.4255761    
       140    -153.4255761    
       141    -153.4255761    
       142    -153.4255761    
       143    -153.4255761    
       144    -153.4255761    
       145    -153.4255761    
       146    -153.4255761    
       147    -153.4255761    
       148    -153.4255761    
       149    -153.4255761    
       150    -153.4255761    
       151    -153.4255761    
       152    -153.4255761    
       153    -153.4255761    
       154    -153.4255761    
       155    -153.4255761    
       156    -153.4255761    
       157    -153.4255761    
       158    -153.4255761    
       159    -153.4255761    
       160    -153.4255761    
       161    -153.4255761    
       162    -153.4255761    
       163    -153.4255761    
       164    -153.4255761    
       165    -153.4255761    
       166    -153.4255761    
       167    -153.4255761    
       168    -153.4255761    
       169    -153.4255761    
       170    -153.4255761    
       171    -153.4255761    
       172    -153.4255761    
       173    -153.4255761    
       174    -153.4255761    
       175    -153.4255761    
       176    -153.4255761    
       177    -153.4255761    
       178    -153.4255761    
       179    -153.4255761    
       180    -153.4255761    
       181    -153.4255761    
       182    -153.4255761    
       183    -153.4255761    
       184    -153.4255761    
       185    -153.4255761    
       186    -153.4255761    
       187    -153.4255761    
       188    -153.4255761    
       189    -153.4255761    
       190    -153.4255761    
       191    -153.4255761    
       192    -153.4255761    
       193    -153.4255761    
       194    -153.4255761    
       195    -153.4255761    
       196    -153.4255761    
       197    -153.4255761    
       198    -153.4255761    
       199    -153.4255761    
       200    -153.4255761    
