         1    -152.9588039    
         2    -152.9588522    
         3    -152.9588522    
         4    -152.9588522    
         5    -152.9588522    
         6    -152.9588522    
         7    -152.9588522    
         8    -152.9588522    
         9    -152.9588522    
        10    -152.9588522    
        11    -152.9588522    
        12    -153.0758525    
        13    -153.0758525    
        14    -153.0758525    
        15    -153.0758702    
        16    -153.0758728    
        17    -153.0758728    
        18    -153.0758728    
        19    -153.0819265    
        20    -153.0819265    
        21    -153.0819265    
        22    -153.0819265    
        23    -153.0819265    
        24    -153.2478295    
        25    -153.2478295    
        26    -153.2478295    
        27    -153.2478295    
        28    -153.2478295    
        29    -153.2478295    
        30    -153.2478295    
        31    -153.2478295    
        32    -153.2617707    
        33    -153.2617707    
        34    -153.2617707    
        35    -153.2617707    
        36    -153.2617707    
        37    -153.2617707    
        38    -153.2617707    
        39    -153.2617707    
        40    -153.2617707    
        41    -153.2617707    
        42    -153.2617707    
        43    -153.2617707    
        44    -153.2617707    
        45    -153.2617707    
        46    -153.2617707    
        47    -153.2617707    
        48    -153.2617707    
        49    -153.2617707    
        50    -153.2617707    
        51    -153.2617707    
        52    -153.2617707    
        53    -153.2617707    
        54    -153.2617707    
        55    -153.2617707    
        56    -153.2617707    
        57    -153.2617707    
        58    -153.2617707    
        59    -153.2617707    
        60    -153.2617707    
        61    -153.2617707    
        62    -153.2617707    
        63    -153.2617707    
        64    -153.2617707    
        65    -153.2617707    
        66    -153.2617707    
        67    -153.2617707    
        68    -153.2617707    
        69    -153.2617707    
        70    -153.2617707    
        71    -153.2617707    
        72    -153.2617707    
        73    -153.2617707    
        74    -153.2617707    
        75    -153.2617707    
        76    -153.2617707    
        77    -153.2617707    
        78    -153.2617707    
        79    -153.2617707    
        80    -153.2617707    
        81    -153.2617707    
        82    -153.2617707    
        83    -153.2617707    
        84    -153.2617707    
        85    -153.2617707    
        86    -153.2617707    
        87    -153.2617707    
        88    -153.2617707    
        89    -153.2617707    
        90    -153.2617707    
        91    -153.2617707    
        92    -153.2617707    
        93    -153.2617707    
        94    -153.7659444    
        95    -153.7659444    
        96    -153.7659444    
        97    -153.7659445    
        98    -153.7659445    
        99    -153.7659445    
       100    -153.7695246    
       101    -153.7695258    
       102    -153.7695258    
       103    -153.7695258    
       104    -153.7695258    
       105    -153.7695258    
       106    -153.7695258    
       107    -153.7695258    
       108    -153.7695258    
       109    -153.7695258    
       110    -153.7695258    
       111    -153.7695258    
       112    -153.7695258    
       113    -153.7695258    
       114    -153.7695258    
       115    -153.7695258    
       116    -153.7695258    
       117    -154.0364182    
       118    -154.0364182    
       119    -154.0364182    
       120    -154.0364190    
       121    -154.0383943    
       122    -154.0383943    
       123    -154.0383943    
       124    -154.0383943    
       125    -154.0383943    
       126    -154.0383943    
       127    -154.0383943    
       128    -154.0383943    
       129    -154.0383943    
       130    -154.0383943    
       131    -154.0383943    
       132    -154.0383943    
       133    -154.0383943    
       134    -154.0383943    
       135    -154.0383943    
       136    -154.0383943    
       137    -154.0383943    
       138    -154.0383943    
       139    -154.0383943    
       140    -154.0383943    
       141    -154.0383943    
       142    -154.0383943    
       143    -154.0383943    
       144    -154.0383943    
       145    -154.0383943    
       146    -154.0383943    
       147    -154.0383943    
       148    -154.0383943    
       149    -154.0383943    
       150    -154.0383943    
       151    -154.0383943    
       152    -154.0383943    
       153    -154.0383943    
       154    -154.0383943    
       155    -154.0383943    
       156    -154.0383943    
       157    -154.0383943    
       158    -154.0383943    
       159    -154.0383943    
       160    -154.0383943    
       161    -154.0383943    
       162    -154.0383943    
       163    -154.0383943    
       164    -154.0383943    
       165    -154.0383943    
       166    -154.0383943    
       167    -154.0383943    
       168    -154.0383943    
       169    -154.0383943    
       170    -154.0383943    
       171    -154.0383943    
       172    -154.0383943    
       173    -154.0383943    
       174    -154.0383943    
       175    -154.0383943    
       176    -154.0383943    
       177    -154.0383943    
       178    -154.0383943    
       179    -154.0383943    
       180    -154.0383943    
       181    -154.0383943    
       182    -154.0383943    
       183    -154.0383943    
       184    -154.0383943    
       185    -154.0383943    
       186    -154.0383943    
       187    -154.0383943    
       188    -154.0383943    
       189    -154.0383943    
       190    -154.0383943    
       191    -154.0383943    
       192    -154.0383943    
       193    -154.0383943    
       194    -154.0383943    
       195    -154.0383943    
       196    -154.0383943    
       197    -154.0383943    
       198    -154.0383943    
       199    -154.0383943    
       200    -154.0383943    
