         1    -152.9588166    
         2    -152.9588435    
         3    -152.9588435    
         4    -152.9588435    
         5    -153.0819082    
         6    -153.0819082    
         7    -153.0819082    
         8    -153.0819208    
         9    -153.0819219    
        10    -153.0819223    
        11    -153.0819223    
        12    -153.0984170    
        13    -153.0984208    
        14    -153.0984208    
        15    -153.0984208    
        16    -153.0984208    
        17    -153.0984208    
        18    -153.0984208    
        19    -153.0984208    
        20    -153.0984208    
        21    -153.0984208    
        22    -153.0984208    
        23    -153.0984208    
        24    -153.0984208    
        25    -153.0984208    
        26    -153.0984208    
        27    -153.0984208    
        28    -153.0984208    
        29    -153.0984208    
        30    -153.0984208    
        31    -153.0984208    
        32    -153.0984208    
        33    -153.0984208    
        34    -153.0984208    
        35    -153.0984208    
        36    -153.0984208    
        37    -153.0984208    
        38    -153.0984208    
        39    -153.0984208    
        40    -153.0984208    
        41    -153.0984208    
        42    -153.0984208    
        43    -153.0984208    
        44    -153.0984208    
        45    -153.0984208    
        46    -153.0984208    
        47    -153.3086723    
        48    -153.3086797    
        49    -153.3086831    
        50    -153.3086831    
        51    -153.3086854    
        52    -153.3086854    
        53    -153.3086854    
        54    -153.3086854    
        55    -153.3086854    
        56    -153.3086854    
        57    -153.3086854    
        58    -153.3086854    
        59    -153.4314546    
        60    -153.4314546    
        61    -153.4314593    
        62    -153.4314593    
        63    -153.4314593    
        64    -153.4314593    
        65    -153.4314616    
        66    -153.4314616    
        67    -153.4314633    
        68    -153.4314633    
        69    -153.4314633    
        70    -153.4314633    
        71    -153.4314633    
        72    -153.4314633    
        73    -153.4314633    
        74    -153.4314633    
        75    -153.4314633    
        76    -153.4314633    
        77    -153.4314633    
        78    -153.4314633    
        79    -153.4314633    
        80    -153.4314633    
        81    -153.4314633    
        82    -153.4314633    
        83    -153.4314633    
        84    -153.4314633    
        85    -153.4314633    
        86    -153.4314633    
        87    -153.4314633    
        88    -153.4314633    
        89    -153.4314633    
        90    -153.4314633    
        91    -153.4314633    
        92    -153.4314633    
        93    -153.4314633    
        94    -153.4314633    
        95    -153.4314633    
        96    -153.4314633    
        97    -153.4314633    
        98    -153.4314633    
        99    -153.4314633    
       100    -153.4314633    
       101    -153.4314633    
       102    -153.4314633    
       103    -153.4314633    
       104    -153.4314633    
       105    -153.4314633    
       106    -153.4314633    
       107    -153.4314633    
       108    -153.4314633    
       109    -153.4314633    
       110    -153.4314633    
       111    -153.4314633    
       112    -153.4314633    
       113    -153.4314633    
       114    -153.4314633    
       115    -153.4314633    
       116    -153.4314633    
       117    -153.4314633    
       118    -153.4314633    
       119    -153.4314633    
       120    -153.4314633    
       121    -153.4314633    
       122    -153.4314633    
       123    -153.4314633    
       124    -153.4314633    
       125    -153.4314633    
       126    -153.4314633    
       127    -153.4314633    
       128    -153.4314633    
       129    -153.4314633    
       130    -153.4314633    
       131    -153.4314633    
       132    -153.4314633    
       133    -153.4314633    
       134    -153.4314633    
       135    -153.4314633    
       136    -153.4314633    
       137    -153.4314633    
       138    -153.4314633    
       139    -153.4314633    
       140    -153.4314633    
       141    -153.4314633    
       142    -153.4314633    
       143    -153.4314633    
       144    -153.4314633    
       145    -153.4314633    
       146    -153.4314633    
       147    -153.4314633    
       148    -153.4314633    
       149    -153.4314633    
       150    -153.4314633    
       151    -153.4314633    
       152    -153.4314633    
       153    -153.4314633    
       154    -153.4314633    
       155    -153.4314633    
       156    -153.4314633    
       157    -153.4314633    
       158    -153.4314633    
       159    -153.4314633    
       160    -153.4314633    
       161    -153.4314633    
       162    -153.4314633    
       163    -153.4314633    
       164    -153.4314633    
       165    -153.4314633    
       166    -153.4314633    
       167    -153.4314633    
       168    -153.4314633    
       169    -153.4314633    
       170    -153.4314633    
       171    -153.4314633    
       172    -153.4314633    
       173    -153.4314633    
       174    -153.4314633    
       175    -153.4314633    
       176    -153.4314633    
       177    -153.4314633    
       178    -153.4314633    
       179    -153.4314633    
       180    -153.4314633    
       181    -153.4314633    
       182    -153.4314633    
       183    -153.4314633    
       184    -153.4314633    
       185    -153.4314633    
       186    -153.4314633    
       187    -153.4314633    
       188    -153.4314633    
       189    -153.4314633    
       190    -153.4314633    
       191    -153.4314633    
       192    -153.4314633    
       193    -153.4314633    
       194    -153.4314633    
       195    -153.4314633    
       196    -153.4314633    
       197    -153.4314633    
       198    -153.4314633    
       199    -153.4314633    
       200    -153.4314633    
