         1     -152.9588166201
         2     -152.9588435239
         3     -152.9588217108
         4     -152.9588324392
         5     -153.0819081551
         6     -153.0818796521
         7     -153.0819069805
         8     -153.0819207506
         9     -153.0819218883
        10     -153.0819223344
        11     -153.0818440496
        12     -153.0984170412
        13     -153.0984208244
        14     -153.0984110981
        15     -151.2205486404
        16     -153.0984103320
        17     -153.0984185995
        18     -153.0819026111
        19     -153.0817833444
        20     -153.0818965978
        21     -153.0819245353
        22     -153.0819161632
        23     -152.9588402994
        24     -152.9588373899
        25     -152.9588364114
        26     -152.9588430294
        27     -152.9588406105
        28     -152.9588431872
        29     -152.9588447668
        30     -152.9588391750
        31     -152.9588252101
        32     -152.9588218000
        33     -152.9588056139
        34     -152.9588298701
        35      -13.9931647144
        36     -152.4339936263
        37     -152.4339932941
        38     -152.3814366691
        39     -151.2353844771
        40     -152.3814366671
        41     -152.3814312107
        42     -153.0819265500
        43     -152.0062090191
        44     -152.4339939151
        45     -152.4339816847
        46     -152.4339931432
        47     -153.3086722997
        48     -153.3086796641
        49     -153.3086831107
        50     -151.9215783769
        51     -153.3086854467
        52     -153.3086767353
        53     -153.3086146052
        54     -153.3085889264
        55     -151.9986615006
        56     -151.8041489707
        57     -153.3086701132
        58     -153.3086626185
        59     -153.4314545934
        60     -152.6936386482
        61     -153.4314592791
        62     -153.4314539527
        63     -153.4314490289
        64     -153.4314549983
        65     -153.4314615725
        66     -153.4314603980
        67     -153.4314633484
        68     -153.1212032003
        69     -153.1212140146
        70     -152.0505750665
        71     -152.0434699432
        72     -152.0434621634
        73     -153.1153534896
        74     -151.1608289491
        75     -153.1153663758
        76     -153.1153585290
        77     -153.1153682466
        78     -153.1153117142
        79     -151.1608289465
        80     -153.1153166656
        81     -153.1153171945
        82     -153.1153538923
        83     -153.1153608308
        84     -153.1153656354
        85     -153.1153646327
        86     -153.1153453262
        87     -153.1153643680
        88     -152.4257504641
        89     -153.1153642152
        90     -150.5981412078
        91     -153.1153480456
        92     -153.1153621510
        93     -153.1153611082
        94     -152.9916227706
        95     -152.3841396768
        96     -153.1153708823
        97     -149.8378944989
        98     -153.1153708821
        99     -153.1153434005
       100     -153.1153481349
       101     -153.1153249708
       102     -153.1153536461
       103     -153.1152831105
       104     -152.9916212914
       105     -150.5059967355
       106     -152.9915530146
       107     -153.1152914321
       108     -153.1153452855
       109     -153.1153593651
       110     -153.1153590263
       111     -153.1153655210
       112     -153.1258496274
       113     -153.0919693463
       114     -153.0758727420
       115     -153.0758363987
       116     -153.0758579743
       117     -153.0758727623
       118      -20.3946469656
       119     -153.0758353859
       120     -153.0758421753
       121     -153.0758534414
       122     -153.0758727640
       123     -153.0919547143
       124     -152.0270107260
       125     -153.0919671348
       126     -153.0919604633
       127     -153.0919620655
       128     -153.0919339188
       129     -153.0758081205
       130     -153.0758218765
       131     -153.0758588079
       132     -153.0758184530
       133     -153.0757937868
       134     -153.0758162245
       135     -153.0818657806
       136     -153.0819226063
       137     -153.0818109160
       138     -153.0819082943
       139     -152.3264469057
       140     -151.2466628220
       141     -152.3264408489
       142     -152.3264104465
       143     -151.5375629577
       144     -152.9588522339
       145     -152.9588488835
       146     -152.9588500093
       147     -152.9588173968
       148     -152.9588334006
       149     -152.9588400580
       150     -151.6898640082
       151     -152.9588493954
       152     -152.9588398194
       153     -152.9588095036
       154     -152.9588242061
       155     -152.0107391403
       156     -151.8800073572
       157     -151.8800684255
       158     -151.8800718719
       159     -151.8800710179
       160     -151.7919065264
       161     -151.7918849500
       162     -151.7919057597
       163     -151.7919065304
       164     -151.7919036853
       165     -151.7918997275
       166     -150.8906864976
       167     -151.7918888045
       168     -151.7919025745
       169     -151.7918899998
       170     -151.2703598737
       171     -151.2703508838
       172     -151.2703587281
       173     -151.2703513643
       174     -151.2666135752
       175     -152.1124222738
       176     -152.1124185241
       177     -152.1123984836
       178     -152.1123879159
       179     -152.1124150307
       180     -151.2932920828
       181     -151.2950700951
       182     -151.2950591957
       183     -151.6778744758
       184     -151.6778323968
       185     -151.6778588484
       186     -151.6778742024
       187     -151.3704370305
       188     -152.4233595903
       189     -152.4233459472
       190     -151.4704578551
       191     -152.4233648523
       192     -151.8949970251
       193     -151.8935256584
       194     -150.5822819379
       195     -152.6761374334
       196     -152.6761366976
       197     -152.6761295734
       198     -152.7983708373
       199     -152.6520923701
       200     -152.6520613274
