         1      -23.9031881298
         2     -152.9588522362
         3     -152.9588242846
         4     -152.9587347342
         5     -152.0107391366
         6     -152.9588305944
         7     -152.9588087367
         8     -152.9588522349
         9     -152.9588252394
        10     -152.9588138107
        11     -152.9588287966
        12     -152.9588382822
        13     -152.9588196840
        14     -152.3264469064
        15     -151.1806157647
        16     -152.3263856150
        17     -152.3264324908
        18     -152.4069646828
        19     -152.4069466318
        20     -152.4069627706
        21     -153.4813883768
        22     -152.4642488256
        23     -152.9588522313
        24     -152.9588522346
        25     -152.9588346245
        26     -152.9588405590
        27     -152.9588435913
        28     -152.4069491002
        29     -152.4069626032
        30     -152.4069592819
        31     -152.3800488159
        32     -152.3800480594
        33     -152.3800510618
        34     -152.6814626736
        35     -152.6923419571
        36     -152.3498240876
        37     -151.3683812145
        38     -152.6923732116
        39     -152.6923352387
        40     -152.6923711747
        41     -152.6923569178
        42     -151.3684386010
        43     -152.6923408381
        44     -152.6923518516
        45     -152.6923561054
        46     -152.6814586062
        47     -152.7359820842
        48     -152.7360105725
        49     -152.7360091205
        50     -152.7359594941
        51     -152.6814171019
        52     -152.6813775854
        53     -151.8950571173
        54     -152.6814626709
        55     -152.6814626726
        56     -152.6814181080
        57     -152.6814597673
        58     -152.6923359258
        59     -152.6923661410
        60      -33.8112559854
        61     -152.6923625461
        62     -152.6923731950
        63     -152.6923596944
        64     -152.6923597074
        65     -151.5813534163
        66     -152.6923702443
        67     -151.9050600238
        68     -152.3497992162
        69     -152.7443311040
        70     -152.4019423177
        71     -152.7443025502
        72      -33.8578945553
        73     -152.7443164741
        74     -152.7442864202
        75     -153.4419362952
        76     -153.3116102621
        77     -153.3116397883
        78     -153.3116253812
        79     -153.3116223320
        80     -152.3498240805
        81     -152.3498148567
        82     -152.3497386835
        83     -152.3497982435
        84     -151.2336714039
        85     -152.3498240889
        86     -152.4049477869
        87     -152.4049009948
        88     -152.4049334739
        89     -152.4049565311
        90     -152.4049274046
        91     -152.4048796737
        92     -152.4049577014
        93     -152.4049561728
        94     -152.4049273980
        95     -153.0919693513
        96     -153.0919323922
        97     -153.0919158142
        98     -153.0919647244
        99     -153.0919693506
       100     -151.4008766522
       101      -22.9042707650
       102     -151.4008874252
       103     -151.3864962604
       104     -151.3864901847
       105     -151.3864978665
       106     -151.3864708774
       107     -151.3864919308
       108     -151.4008652945
       109     -151.4008567242
       110     -151.4008847983
       111     -151.7435125393
       112     -151.7435093666
       113     -151.4008808225
       114     -151.1170529409
       115     -149.9882904571
       116     -151.1170084060
       117     -151.1170480060
       118     -151.4976082216
       119     -151.4975879937
       120     -151.4975897829
       121     -151.4976082275
       122     -150.3636683492
       123     -152.0192691787
       124     -152.0192565467
       125     -152.0192525286
       126     -152.0192234428
       127     -152.0192220232
       128     -149.8150474530
       129     -152.0192508585
       130     -152.0192162929
       131     -152.0192443898
       132     -152.0147109925
       133     -152.0147156567
       134     -152.0499898720
       135     -152.0501174180
       136     -152.0501296684
       137     -151.6553461874
       138     -151.6553393194
       139     -151.6553541241
       140     -151.6553150530
       141     -151.6553566252
       142     -152.9915530558
       143     -152.9916168792
       144     -152.9916090818
       145     -152.9914836815
       146      -19.7268054950
       147     -152.9916068788
       148     -152.9916035395
       149     -153.1153087045
       150     -153.1153094158
       151     -153.1153503595
       152     -153.1153635991
       153     -153.1153708822
       154     -153.1153415631
       155     -153.1153398764
       156     -153.1153601666
       157     -153.1153570044
       158     -153.1258549624
       159     -153.1258046267
       160     -153.1258549601
       161     -153.1258536450
       162     -153.1258143794
       163     -153.1257933732
       164     -153.1258137100
       165     -153.1258061856
       166     -153.1258549656
       167     -153.1258172905
       168     -153.1320500799
       169     -153.1320665556
       170     -153.1320567203
       171     -153.1320443672
       172     -153.1320489870
       173     -153.1320565169
       174     -153.1320447036
       175     -151.6901507278
       176     -152.4347542824
       177     -152.4347339966
       178     -152.4347486416
       179     -152.4347443281
       180     -152.4347350478
       181     -151.4187204355
       182     -152.4347495998
       183     -152.4347542807
       184      -33.5183414287
       185     -152.4346910003
       186     -152.4347286744
       187     -152.4347542796
       188     -153.1320665537
       189     -153.1320520365
       190     -153.1320563974
       191     -153.1320476095
       192     -153.1320298533
       193     -153.1320624240
       194     -153.1258317436
       195      -19.9187668952
       196     -153.1320531894
       197     -151.1889522808
       198     -152.4347542770
       199     -153.1320457233
       200     -152.4823404112
