         1     -153.3017675415
         2     -153.3017658146
         3     -152.7983708379
         4     -153.3017813924
         5     -153.3017838083
         6     -153.3017808036
         7     -153.3017574201
         8     -153.3017611200
         9     -153.4255116337
        10     -152.1191532878
        11     -151.0422591298
        12     -152.1156390290
        13     -152.1216763262
        14     -152.1216666602
        15     -152.1216668602
        16     -152.1216796360
        17     -152.1216828840
        18     -152.1216744028
        19     -151.9986556101
        20     -151.9998002617
        21     -151.9997869298
        22     -151.9997927925
        23     -151.9997958115
        24     -151.9997931041
        25     -151.9997908295
        26     -151.9997941261
        27     -151.9936010348
        28     -151.9936106025
        29     -151.9997581865
        30     -151.9997975405
        31     -151.9997521175
        32     -151.9997967623
        33     -152.0034499486
        34     -151.9971582179
        35     -151.9972099511
        36     -152.1252553481
        37     -152.1252398490
        38     -152.1252039404
        39     -152.1252553498
        40     -152.1251955425
        41      -33.2121394411
        42      -18.8829791924
        43     -153.4314432985
        44     -153.4313857462
        45     -153.4314624452
        46     -153.0819215549
        47     -152.7953078143
        48     -153.0819249953
        49     -153.0819053841
        50     -153.4314377771
        51     -153.4314322517
        52     -153.4314467242
        53     -153.4314536141
        54     -150.1982206803
        55     -153.4314554066
        56     -153.4314426701
        57     -153.4314633496
        58     -153.4418887133
        59     -153.4419219467
        60     -153.4418973599
        61     -153.4419362949
        62     -153.4419333966
        63     -153.4419350885
        64     -152.0330566829
        65     -152.0330352681
        66     -152.0330544956
        67     -152.0330456396
        68     -152.0330511616
        69     -152.0330040669
        70     -152.0330505202
        71     -152.0330171064
        72     -152.1216407862
        73     -152.1216319360
        74     -152.1216905444
        75     -152.1216798519
        76     -151.9992527241
        77     -151.9997646952
        78     -150.6177650718
        79     -151.9997930155
        80     -151.9997806234
        81     -152.1216851825
        82     -152.1216845624
        83     -152.1216177307
        84     -152.1216834782
        85     -151.9997571782
        86     -151.9997826553
        87     -151.9997859283
        88     -151.9997871185
        89     -151.9997938963
        90     -151.9997940742
        91     -151.9997880808
        92     -151.9997961409
        93     -151.9997969470
        94     -152.1216905419
        95     -150.6537740574
        96     -150.6539283470
        97      -17.4292241884
        98     -150.6574075549
        99     -150.6607343742
       100     -150.6607563705
       101     -150.6538776004
       102     -150.6538910311
       103     -150.8258154339
       104     -150.8257665636
       105     -150.8187499710
       106     -150.8187432180
       107     -150.7260489341
       108     -150.7260251913
       109     -150.7260371048
       110     -150.7260397598
       111     -151.7857087425
       112     -151.7857272598
       113     -151.7857224728
       114     -151.7857289316
       115     -151.7857112664
       116     -151.7857218340
       117     -151.7857289320
       118     -151.7857239139
       119     -151.7857265709
       120     -151.7857014484
       121     -151.7857283387
       122     -151.7857287833
       123     -151.7919065297
       124     -151.7918555822
       125     -150.2636598406
       126     -150.2636598402
       127     -150.2636334231
       128     -150.2636515774
       129     -149.3617463572
       130     -149.5049735241
       131     -149.5049391997
       132     -149.5049727759
       133     -150.3985713247
       134     -150.3998589850
       135     -150.3998504916
       136     -150.3998543196
       137     -150.3998371327
       138     -150.3998347076
       139     -150.3998535910
       140     -150.3998444752
       141     -150.3998442617
       142     -150.3998278402
       143     -150.3998541312
       144     -150.3998472467
       145     -150.3998616680
       146     -150.3998562538
       147     -153.8732101734
       148     -153.8760573057
       149     -153.8760342033
       150     -153.8732177866
       151     -152.1682352497
       152     -153.8732133311
       153     -154.6610349042
       154     -154.6610346302
       155     -154.6651779018
       156     -154.6651783553
       157     -151.8726954892
       158     -154.6651770763
       159     -154.6658961149
       160     -154.6658945995
       161     -154.6658916950
       162     -154.6658950875
       163     -154.6658954024
       164     -154.6658950510
       165     -154.6658932182
       166     -152.5644897452
       167     -154.6658964500
       168     -154.6651771789
       169     -152.1878506666
       170     -152.1878221570
       171     -152.1878389980
       172     -152.1878309486
       173     -152.1878483938
       174     -152.1878463624
       175      -16.8044658445
       176     -153.8738747388
       177     -152.4053592959
       178     -152.4053554374
       179     -152.3935958961
       180      -35.8104487981
       181     -153.4272207618
       182     -152.3935967243
       183     -152.3935882067
       184     -152.1582595719
       185     -152.3935950228
       186     -152.3935776656
       187     -152.3935626836
       188     -152.3935965555
       189     -150.8187963411
       190     -150.7172784038
       191     -152.3935865697
       192     -152.3935941921
       193     -152.3935792571
       194     -152.3935877255
       195     -152.3935608523
       196     -152.3935929584
       197     -152.3935817292
       198     -152.3935844605
       199     -151.2582403523
       200     -151.2582112813
