         1     -152.0020693590
         2     -152.9588179449
         3     -152.9588404241
         4     -152.9588178043
         5     -152.9588506466
         6      -20.2774140195
         7     -152.9588286769
         8     -152.9588424061
         9     -152.3264469096
        10     -152.3264233039
        11     -151.5375629627
        12     -151.5375134679
        13     -151.5551750029
        14     -151.5551722981
        15     -151.5551639586
        16     -151.5551393144
        17     -151.5551852091
        18     -151.5551546354
        19      -18.8700516061
        20     -151.5551692048
        21     -151.5551635179
        22     -151.5551488118
        23     -151.5551830198
        24     -151.5551766894
        25     -151.5553575604
        26     -152.3498240825
        27     -152.3498172824
        28     -152.3498207967
        29     -151.5553337938
        30     -152.3498130996
        31     -152.3498240829
        32     -152.3498101045
        33     -152.6923732125
        34     -152.6893526894
        35     -152.6923732122
        36     -152.6923728958
        37     -152.3498176287
        38     -152.3498189120
        39     -152.3498239892
        40     -152.3497808651
        41     -151.2490022248
        42     -153.2478295079
        43     -153.2478253465
        44     -153.3083348270
        45     -153.3083417752
        46     -153.3083224877
        47     -153.3083418119
        48     -151.2657767480
        49     -151.2657628828
        50     -151.2718110034
        51     -151.2718109741
        52     -151.2717979260
        53     -151.2718284960
        54     -151.2717587840
        55     -151.2718173474
        56     -151.2717854920
        57     -151.2718226905
        58     -151.2718285007
        59     -151.9972126181
        60     -151.9972142947
        61     -151.9971579016
        62     -151.9972142984
        63     -152.1190821590
        64     -152.1191018026
        65     -151.9949210253
        66     -151.9949194573
        67     -151.9949355443
        68     -151.9949221178
        69     -151.9949440023
        70     -152.1191421707
        71     -152.1191386771
        72     -152.1191434222
        73     -153.4255761004
        74     -153.4255365317
        75     -153.4255744634
        76     -153.4255677693
        77     -153.0758727650
        78     -152.7360159298
        79     -153.4255681047
        80     -153.4255357399
        81     -153.4255664381
        82     -153.4255760911
        83     -153.4255713145
        84     -152.3534237783
        85     -152.1190151721
        86     -153.4255761017
        87     -153.4255426552
        88     -153.4255628654
        89     -153.4255330800
        90     -153.0758727645
        91     -151.9988497807
        92     -151.9988418023
        93     -152.0037524284
        94     -150.8843564135
        95     -151.3864978793
        96     -149.5296615504
        97     -151.3864817249
        98     -151.3864958003
        99     -151.3864856084
       100     -152.9675648738
       101     -151.9949439985
       102     -152.9675879399
       103     -152.9676198603
       104     -152.9676100322
       105     -152.9750842782
       106      -20.2817705479
       107     -152.9751094529
       108     -152.9751112529
       109     -152.3466667823
       110     -152.3466255177
       111     -151.5551852074
       112     -151.5551689904
       113     -151.5551852079
       114      -22.7889035330
       115     -151.5551735854
       116     -151.5551651518
       117      -18.8171263389
       118     -151.5551765674
       119     -152.3466667803
       120     -152.3466662825
       121     -152.3466404152
       122     -152.3466573565
       123     -152.3466632224
       124     -152.3264338624
       125     -152.3264469073
       126     -152.3264399168
       127     -152.3264313131
       128     -152.3323098276
       129     -152.6814626733
       130     -152.6761099920
       131     -152.7308264382
       132     -152.7308264404
       133     -152.7308237246
       134     -152.7308134065
       135     -152.7360159267
       136     -152.7360136406
       137     -152.7359943017
       138     -152.7359491203
       139     -152.7359993425
       140     -152.7360135072
       141     -151.5875110365
       142     -152.3173941674
       143     -152.7359979757
       144     -152.7360090815
       145     -152.7359326407
       146     -152.6520923711
       147     -152.6520864098
       148     -152.6937011884
       149     -152.6936836732
       150     -152.6936676156
       151     -152.6936951721
       152     -152.6936328419
       153     -152.6936914121
       154     -152.6937007447
       155     -152.6936881516
       156     -152.6936918100
       157     -152.6936992522
       158     -152.6936576767
       159     -153.4255760993
       160     -153.4255417950
       161     -153.4255669154
       162     -153.4255711774
       163     -153.4254700321
       164     -153.4255720217
       165     -153.4255661316
       166     -153.4255232315
       167     -153.4255283382
       168     -153.4255372756
       169     -152.6936061493
       170     -153.4255579621
       171     -153.4255385151
       172     -152.6936410187
       173     -152.6936991371
       174     -152.6936981785
       175     -152.7359662552
       176     -152.6814626735
       177     -152.6814148520
       178      -33.7951455781
       179     -152.6814626693
       180     -152.6814442187
       181     -152.6814471616
       182     -152.6814626707
       183     -152.6814602015
       184     -152.6814576187
       185     -152.6814346369
       186     -152.6923575337
       187     -152.6923732128
       188     -152.6814626730
       189     -152.6814580186
       190     -152.6814092106
       191     -151.8950571159
       192     -152.4233409239
       193     -152.4822862436
       194     -151.5291665673
       195     -152.4822803608
       196     -150.8222389007
       197     -152.4823383332
       198     -152.4823402041
       199      -33.5999295424
       200     -152.0609784254
