         1     -152.9588039282
         2     -152.9588522362
         3     -152.9588276748
         4     -152.9588130627
         5     -151.8389386548
         6      -34.0750959517
         7     -152.9588399487
         8     -152.9517826911
         9     -152.9517000277
        10     -152.9517400708
        11     -152.9517626126
        12     -153.0758524731
        13     -152.9517867592
        14     -153.0758470342
        15     -153.0758702195
        16     -153.0758727634
        17     -153.0758721974
        18     -153.0757328908
        19     -153.0819265483
        20     -153.0758700384
        21     -152.9517842570
        22     -152.9676143939
        23     -152.9676260673
        24     -153.2478294939
        25     -153.2478214812
        26     -153.2478279186
        27     -153.2478286849
        28     -153.2478032715
        29     -151.2268027542
        30     -153.2478120732
        31     -153.2478257855
        32     -153.2617706972
        33     -153.2617661736
        34     -153.2617691865
        35     -153.2617626941
        36     -153.2617692339
        37     -151.8315929197
        38     -151.8315473845
        39     -151.8315760478
        40     -151.8315980718
        41     -151.2153154579
        42     -151.8315980707
        43     -151.8315865794
        44     -151.8308045468
        45     -151.8307920291
        46     -150.4869553392
        47     -151.8308106542
        48     -151.8308265518
        49     -150.7611251556
        50     -151.8308265544
        51     -151.8307948297
        52     -151.8308152744
        53     -151.8308068148
        54     -151.8307571887
        55     -151.8308170125
        56     -151.8307983381
        57     -151.8308191093
        58     -151.8308034167
        59     -150.7611498931
        60     -150.4985212970
        61     -150.4985213015
        62     -150.4984954768
        63     -150.4985088800
        64     -150.5334083425
        65     -150.5334060252
        66     -150.5334129714
        67     -150.5334161886
        68      -24.2771685014
        69     -150.5334167311
        70     -150.5334077027
        71     -150.5334158975
        72     -150.5334167330
        73     -150.5334110422
        74     -150.4984996908
        75     -150.4985112532
        76     -150.4985049538
        77     -150.4985134448
        78      -15.1750472686
        79     -150.4985010182
        80     -150.4985213019
        81     -150.4985107652
        82     -150.4984706717
        83     -150.4985213025
        84     -150.4985102812
        85     -150.5027609822
        86     -151.6525784845
        87      -25.2786443710
        88     -151.6871252238
        89     -151.2998975771
        90     -151.4348182021
        91     -151.4348143150
        92     -151.4348019839
        93     -151.4347974958
        94     -153.7659444455
        95     -153.7659397768
        96     -152.6819894294
        97     -153.7659444530
        98     -153.7659392051
        99     -153.7659349440
       100     -153.7695245612
       101     -153.7695258066
       102     -153.7659442265
       103     -153.7659380567
       104     -153.7659380061
       105     -151.9869009150
       106     -153.7659363901
       107     -153.7659395490
       108     -153.7659429017
       109     -153.7659401669
       110     -153.7659408911
       111     -153.7659436720
       112     -153.7659417717
       113     -153.7659428518
       114     -153.7659436207
       115     -151.4590408216
       116     -153.7659444564
       117     -154.0364182249
       118     -154.0364166973
       119     -152.7375465344
       120     -154.0364189662
       121     -154.0383943326
       122     -154.0383929864
       123     -151.8850297869
       124     -153.1158779436
       125     -154.0383887623
       126     -153.7695266395
       127     -153.7695265350
       128     -153.7695266303
       129     -153.7695260886
       130     -153.7695243341
       131     -153.7695227370
       132     -152.6412797074
       133     -153.7695241962
       134     -153.7695223936
       135     -153.7695254217
       136     -153.7695204270
       137     -152.9434009409
       138      -33.4258525280
       139     -152.9434137664
       140     -152.9434040135
       141     -152.9434026724
       142     -151.1813499836
       143     -153.1114059547
       144     -153.1114080311
       145     -153.1114128261
       146     -153.1114103641
       147     -152.9434137672
       148     -153.0039197600
       149     -153.0039207546
       150     -153.0039248555
       151     -153.0039238982
       152     -152.9434101701
       153     -152.9434092271
       154     -152.9434119046
       155     -152.9434073295
       156     -152.9434068203
       157     -150.6021843130
       158     -152.9434108371
       159     -152.9434104641
       160      -33.4258563624
       161     -152.6650510478
       162     -152.6650399354
       163     -152.6650510478
       164     -151.1813567914
       165     -151.7458523125
       166     -152.6650092096
       167     -151.1813567890
       168     -152.6649978844
       169     -151.1813567906
       170     -152.6650345964
       171     -152.6650510482
       172     -152.6650510498
       173     -152.6650227039
       174     -152.6490895346
       175     -152.6491207072
       176     -152.6491202718
       177     -152.9916227697
       178     -152.9916109128
       179     -152.9915597093
       180     -152.9915871958
       181     -152.9916166377
       182     -152.9916227720
       183     -152.9916216869
       184     -152.9916227607
       185      -18.2848755061
       186     -152.9916012279
       187     -152.9916191011
       188     -152.9916122713
       189     -151.1546509195
       190      -33.4660726275
       191     -153.1152975438
       192      -19.7185009328
       193      113.2587574792
       194     -153.1153653557
       195     -153.1153571223
       196     -153.1258549635
       197     -153.1320665504
       198     -153.1212004256
       199     -153.1212216594
       200     -153.1211250954
