         1     -152.9750955117
         2     -153.3189190537
         3     -153.3115734974
         4     -151.9028983725
         5     -153.3116236382
         6     -153.3116167155
         7     -153.3116398521
         8     -153.3116332199
         9     -152.3694819671
        10     -153.3115622228
        11     -153.3116250873
        12     -151.2073184446
        13      -20.1860785554
        14     -153.3116349210
        15     -153.3116373578
        16     -153.3116163850
        17     -152.9676260664
        18     -152.9676260648
        19     -152.9676207227
        20     -153.3116398583
        21     -153.3116314173
        22     -153.3017562291
        23     -153.3017578200
        24     -153.3017320397
        25     -153.3017502546
        26     -152.3600769464
        27     -152.3534237767
        28     -151.8901674370
        29     -151.8901363065
        30     -151.8901591812
        31     -151.8901071651
        32     -151.8901674359
        33     -150.3810986142
        34     -151.8901661262
        35     -151.8901648468
        36     -151.8900732443
        37     -151.8891081444
        38     -151.8890949739
        39     -151.8891142334
        40     -151.8891110381
        41     -151.8891118174
        42     -151.8891039183
        43     -151.8891143204
        44     -151.8889708832
        45     -151.8934355323
        46     -151.8935599476
        47     -151.8935443524
        48     -151.8890901784
        49     -151.8891085722
        50     -151.8890574132
        51     -151.8891027638
        52     -151.8890635891
        53      -17.2268370498
        54     -151.8891048163
        55     -151.8890929487
        56     -150.3797086968
        57     -150.3796912953
        58     -150.3796478173
        59     -150.3796795193
        60     -150.3796622634
        61     -150.3796969941
        62     -149.3497039318
        63     -149.3497387913
        64     -149.3497520790
        65     -149.3497419381
        66     -149.3497496881
        67     -149.3497543546
        68     -149.3497524347
        69     -150.7930235390
        70     -152.6913540765
        71     -152.6913531977
        72     -151.4740103873
        73     -150.7972307717
        74     -152.6913402185
        75     -153.4872163021
        76     -153.4901079021
        77     -151.1570490832
        78     -152.2727011359
        79     -153.4901091822
        80     -153.4870927967
        81     -153.4870974085
        82     -151.2081623533
        83     -153.4870968368
        84     -153.4870937724
        85     -153.4901050022
        86     -153.4901019828
        87     -153.4901006102
        88     -153.4872235409
        89     -153.4872235708
        90     -150.6799051260
        91     -153.4872211654
        92     -151.6946373974
        93     -153.4872162349
        94     -153.4872202981
        95     -153.4872002067
        96     -153.4872211665
        97     -151.6916572137
        98     -153.4872235738
        99     -153.4872229852
       100     -153.4872228031
       101     -153.4872138921
       102     -153.4872235731
       103     -153.4847235827
       104     -150.6762559085
       105     -153.4847171624
       106     -153.4847189225
       107     -153.4847228974
       108     -153.4870974893
       109     -150.3859016333
       110     -153.4870937593
       111     -153.4901071249
       112     -151.2114868320
       113     -153.4358803820
       114      -18.9084337673
       115     -153.4358819196
       116     -153.4901061081
       117     -153.4901081696
       118     -153.4901053871
       119     -153.4900864622
       120     -153.2268713462
       121     -153.2268698796
       122     -153.1725491132
       123     -153.1725403471
       124     -153.1725516166
       125     -153.1725473398
       126     -152.3319959781
       127     -152.3319911663
       128     -151.6060659058
       129     -152.3319939267
       130     -152.3319942809
       131     -152.3319966106
       132     -152.3866922877
       133     -151.8174979246
       134     -151.8175247767
       135     -151.8175179276
       136     -151.0282141474
       137     -151.8175263075
       138     -151.8175072896
       139     -151.8175062609
       140     -151.8175107891
       141     -151.8175221911
       142     -151.4780830177
       143     -152.6938748613
       144      -33.8065985933
       145     -152.6938748604
       146     -152.6938678704
       147     -152.6938423167
       148     -152.6938416903
       149     -152.6938731042
       150     -152.6734177912
       151     -152.6734434569
       152     -152.6734444760
       153     -152.6734311879
       154     -152.6734355825
       155     -152.6734475186
       156     -150.7995340028
       157     -152.6734395050
       158     -152.6734252233
       159     -151.4515188260
       160     -151.4515029187
       161     -151.4515226636
       162     -149.9726854205
       163     -149.9718764903
       164     -149.9718482146
       165     -149.9718908723
       166     -149.9718534600
       167     -148.9266593387
       168     -149.9718919925
       169     -150.0773651133
       170     -150.0385376760
       171     -150.0385433763
       172     -150.0385500384
       173     -150.0385495264
       174     -150.0385234644
       175     -150.0385443983
       176     -150.3537212976
       177     -150.3537170117
       178     -152.2848869795
       179     -152.2922715960
       180     -152.2922766287
       181     -152.6136819912
       182     -152.6136834095
       183     -152.6136834125
       184     -152.6136788377
       185     -152.6136282726
       186     -152.6136739182
       187     -152.6136669049
       188     -150.7509171793
       189     -152.6136709747
       190     -153.0218495297
       191     -153.0218635636
       192     -153.0148614308
       193     -153.0148494825
       194     -153.0148560151
       195     -152.6839673134
       196     -153.0148583049
       197     -153.0148510177
       198     -153.0148627245
       199     -153.0148567312
       200     -153.0148656420
