         1     -152.9517811978
         2     -152.9517506545
         3     -152.9517643613
         4     -153.3017823758
         5     -153.3017707360
         6     -153.3017537720
         7     -152.6814626723
         8     -152.6814608217
         9     -152.6814555147
        10     -152.6814265879
        11     -152.6814455344
        12     -152.7360064164
        13     -152.7360062442
        14     -152.7359728017
        15     -152.7471925632
        16     -152.7471832765
        17     -152.6923213297
        18     -152.6923732111
        19     -152.6923619645
        20     -152.6923645091
        21     -152.6923538565
        22     -152.6923732114
        23     -152.6922495761
        24     -151.2463164672
        25     -152.6923664097
        26     -152.6923243860
        27     -152.6923732139
        28     -152.6923565043
        29     -152.6923507367
        30     -152.6923732145
        31     -152.6923639638
        32     -151.2073184466
        33     -152.6923721827
        34     -154.0383948362
        35     -154.0383930978
        36     -154.0383941053
        37     -154.0383946960
        38     -154.0383947765
        39     -154.0383927583
        40     -154.0383859394
        41     -154.0383904427
        42     -154.0383948397
        43     -154.0383888472
        44     -154.0383948190
        45     -154.0383917034
        46     -152.9821150433
        47     -152.9821139024
        48     -152.9821170257
        49     -152.9821056408
        50     -152.9821141344
        51     -152.9821144493
        52      -19.9477275169
        53     -152.9820901872
        54     -151.6613711386
        55     -152.9821118106
        56     -152.9821156564
        57     -152.9821185716
        58     -152.9821094351
        59     -152.9821022797
        60     -152.9821122866
        61     -152.9821140288
        62     -152.9820960781
        63     -150.8258154322
        64     -152.9821080714
        65     -152.6893645227
        66     -152.6893578096
        67     -153.3189190529
        68     -153.3189190544
        69     -153.3189150786
        70     -153.3188658150
        71     -153.3188946787
        72     -153.3189154492
        73     -153.3189022560
        74     -153.4314628898
        75     -153.4314524835
        76     -151.9906070844
        77     -153.4314450922
        78     -153.4314462725
        79     -153.4314608834
        80     -153.4314564886
        81     -153.4314633465
        82     -153.4314633496
        83     -153.4314316819
        84     -153.4314509275
        85     -153.3086586883
        86     -153.3086607868
        87     -153.3086715662
        88      -34.4223269680
        89     -153.4314581150
        90     -153.4314633464
        91     -151.2186643728
        92     -153.4314072438
        93     -153.4314454472
        94     -153.4314435195
        95     -152.0447041832
        96     -153.4314633477
        97     -153.4314187373
        98     -153.4314633480
        99     -152.1252522349
       100     -153.4314613018
       101     -153.4314548301
       102     -153.4314351727
       103     -153.4314409076
       104     -153.4314493871
       105     -153.4314443378
       106     -153.4314475811
       107     -153.3086753189
       108     -153.3086678074
       109     -153.3086852421
       110     -153.4314618190
       111     -153.4314278036
       112     -153.4314400019
       113     -153.4313997643
       114     -153.4314607043
       115     -153.3086570616
       116     -153.3086854460
       117     -152.9588522339
       118     -153.3086815819
       119     -153.3086684348
       120     -153.3085403627
       121     -152.9984867639
       122     -151.5533809733
       123      -18.1485725028
       124     -152.9984835186
       125     -152.0567935346
       126     -152.0501007040
       127     -152.0501165545
       128     -152.0501193096
       129     -152.0500737045
       130     -152.0501296702
       131     -152.0501175201
       132     -152.0501296715
       133     -152.0501119264
       134     -152.0146957292
       135     -152.0146912478
       136     -152.0146442790
       137     -152.0147025915
       138     -148.8780425860
       139     -152.0147156557
       140     -152.0147018509
       141     -151.9988341954
       142     -151.9988497766
       143     -151.9988374808
       144     -151.9988281097
       145     -151.9988492727
       146     -152.0061528271
       147     -152.0062059577
       148     -152.0061838204
       149     -150.9260367024
       150     -152.0062068481
       151     -152.0061733350
       152     -151.5347074109
       153     -151.8891143280
       154     -151.8891085375
       155     -149.6717010138
       156      -18.7776490059
       157     -151.8891114400
       158     -151.8891129950
       159     -151.8891025888
       160     -151.8891050793
       161     -151.5375629586
       162     -150.4580310090
       163     -150.3925546483
       164     -151.5375160336
       165     -151.5375328730
       166     -151.5375347436
       167     -152.0107390314
       168     -148.7710107666
       169     -152.0107327753
       170     -152.0107354375
       171     -152.0264435085
       172     -152.0223480595
       173     -152.0223493601
       174     -152.0223348167
       175     -152.0146867312
       176     -152.0147034445
       177     -152.0147126599
       178     -152.0264510201
       179     -152.0264548687
       180     -152.0264639489
       181     -152.0264700002
       182     -152.0222732009
       183     -152.0223414934
       184     -152.0223298745
       185     -148.7879765279
       186     -152.0223287808
       187     -152.0264357457
       188     -152.0264729941
       189     -152.0264545223
       190     -152.0107391386
       191     -152.0107360920
       192     -152.0107170896
       193     -152.0107040887
       194     -152.0107206908
       195     -152.0264687631
       196     -152.0264567552
       197     -152.0264600578
       198     -152.0264729861
       199     -150.8914180522
       200     -152.0146936544
