         1    -152.9587820    
         2    -152.9587820    
         3    -152.9588522    
         4    -152.9588243    
         5    -152.9587347    
         6    -152.9587347    
         7    -152.9588306    
         8    -152.9588087    
         9    -152.9588522    
        10    -152.9588252    
        11    -152.9588138    
        12    -152.9588288    
        13    -152.9588383    
        14    -152.9588197    
        15    -152.3264469    
        16    -152.3264469    
        17    -152.3263856    
        18    -152.3264325    
        19    -152.4069647    
        20    -152.4069466    
        21    -152.4069628    
        22    -153.4813884    
        23    -153.4813884    
        24    -152.9588522    
        25    -152.9588522    
        26    -152.9588346    
        27    -152.9588406    
        28    -152.9588436    
        29    -152.4069491    
        30    -152.4069626    
        31    -152.4069593    
        32    -152.3800488    
        33    -152.3800481    
        34    -152.6923722    
        35    -152.6814627    
        36    -152.6923420    
        37    -152.6923420    
        38    -152.6923420    
        39    -152.6923732    
        40    -152.6923352    
        41    -152.6923712    
        42    -152.6923569    
        43    -152.6923569    
        44    -152.6923408    
        45    -152.6923519    
        46    -152.6923561    
        47    -152.6814586    
        48    -152.7359821    
        49    -152.7360106    
        50    -152.7360091    
        51    -152.7359595    
        52    -152.6814171    
        53    -152.6813776    
        54    -152.6813776    
        55    -152.6814627    
        56    -152.6814627    
        57    -152.6814181    
        58    -152.6814598    
        59    -152.6923359    
        60    -152.6923661    
        61    -152.6923661    
        62    -152.6923625    
        63    -152.6923732    
        64    -152.6923597    
        65    -152.6923597    
        66    -152.6923597    
        67    -152.6923702    
        68    -152.6923702    
        69    -152.3497992    
        70    -152.7443311    
        71    -152.7443311    
        72    -152.7443026    
        73    -152.7443026    
        74    -152.7443165    
        75    -152.7442864    
        76    -153.4419363    
        77    -153.3116103    
        78    -153.3116398    
        79    -153.3116254    
        80    -153.3116223    
        81    -152.3498241    
        82    -152.3498149    
        83    -152.3497387    
        84    -152.3497982    
        85    -152.3497982    
        86    -152.3498241    
        87    -152.4049478    
        88    -152.4049010    
        89    -152.4049335    
        90    -152.4049565    
        91    -152.4049274    
        92    -152.4048797    
        93    -152.4049577    
        94    -152.4049562    
        95    -152.4049274    
        96    -153.0919694    
        97    -153.0919324    
        98    -153.0919158    
        99    -153.0919647    
       100    -151.3864856    
       101    -151.4008767    
       102    -151.4008767    
       103    -151.4008874    
       104    -151.3864963    
       105    -151.3864902    
       106    -151.3864979    
       107    -151.3864709    
       108    -151.3864919    
       109    -151.4008653    
       110    -151.4008567    
       111    -151.4008848    
       112    -151.7435125    
       113    -151.7435094    
       114    -151.4008808    
       115    -151.1170529    
       116    -151.1170529    
       117    -151.1170084    
       118    -151.1170480    
       119    -151.4976082    
       120    -151.4975880    
       121    -151.4975898    
       122    -151.4976082    
       123    -151.4976082    
       124    -152.0192692    
       125    -152.0192565    
       126    -152.0192525    
       127    -152.0192234    
       128    -152.0192220    
       129    -152.0192220    
       130    -152.0192509    
       131    -152.0192163    
       132    -152.0192444    
       133    -152.0147110    
       134    -152.0501119    
       135    -152.0499899    
       136    -152.0501174    
       137    -152.0501297    
       138    -151.6553462    
       139    -151.6553393    
       140    -151.6553541    
       141    -151.6553151    
       142    -151.6553566    
       143    -152.9915531    
       144    -152.9916169    
       145    -152.9916091    
       146    -152.9914837    
       147    -152.9914837    
       148    -152.9916069    
       149    -152.9916035    
       150    -153.1153087    
       151    -153.1153094    
       152    -153.1153504    
       153    -153.1153636    
       154    -153.1153709    
       155    -153.1153416    
       156    -153.1153399    
       157    -153.1153602    
       158    -153.1153570    
       159    -153.1258550    
       160    -153.1258046    
       161    -153.1258550    
       162    -153.1258536    
       163    -153.1258144    
       164    -153.1257934    
       165    -153.1258137    
       166    -153.1258062    
       167    -153.1258550    
       168    -153.1258173    
       169    -153.1320501    
       170    -153.1320666    
       171    -153.1320567    
       172    -153.1320444    
       173    -153.1320490    
       174    -153.1320565    
       175    -153.1320447    
       176    -153.1320447    
       177    -152.4347543    
       178    -152.4347340    
       179    -152.4347486    
       180    -152.4347443    
       181    -152.4347350    
       182    -152.4347350    
       183    -152.4347496    
       184    -152.4347543    
       185    -152.4347543    
       186    -152.4346910    
       187    -152.4347287    
       188    -152.4347543    
       189    -153.1320666    
       190    -153.1320520    
       191    -153.1320564    
       192    -153.1320476    
       193    -153.1320299    
       194    -153.1320624    
       195    -153.1258317    
       196    -153.1258317    
       197    -153.1320532    
       198    -153.1320532    
       199    -153.1320532    
       200    -152.4823402    
