         1    -152.9587820    
         2    -152.9517812    
         3    -152.9517507    
         4    -152.9517644    
         5    -153.3017824    
         6    -153.3017707    
         7    -153.3017538    
         8    -152.6814627    
         9    -152.6814608    
        10    -152.6814555    
        11    -152.6814266    
        12    -152.6814455    
        13    -152.7360064    
        14    -152.7360062    
        15    -152.7359728    
        16    -152.7471926    
        17    -152.7471833    
        18    -152.6923213    
        19    -152.6923732    
        20    -152.6923620    
        21    -152.6923645    
        22    -152.6923539    
        23    -152.6923732    
        24    -152.6922496    
        25    -152.6922496    
        26    -152.6923664    
        27    -152.6923244    
        28    -152.6923732    
        29    -152.6923565    
        30    -152.6923507    
        31    -152.6923732    
        32    -152.6923640    
        33    -152.6923640    
        34    -152.3800511    
        35    -154.0383948    
        36    -154.0383931    
        37    -154.0383941    
        38    -154.0383947    
        39    -154.0383948    
        40    -154.0383928    
        41    -154.0383859    
        42    -154.0383904    
        43    -154.0383948    
        44    -154.0383888    
        45    -154.0383948    
        46    -154.0383917    
        47    -152.9821150    
        48    -152.9821139    
        49    -152.9821170    
        50    -152.9821056    
        51    -152.9821141    
        52    -152.9821144    
        53    -152.9821144    
        54    -152.9820902    
        55    -152.9820902    
        56    -152.9821118    
        57    -152.9821157    
        58    -152.9821186    
        59    -152.9821094    
        60    -152.9821023    
        61    -152.9821123    
        62    -152.9821140    
        63    -152.9820961    
        64    -152.9820961    
        65    -152.9821081    
        66    -152.6893645    
        67    -152.6893578    
        68    -153.3189191    
        69    -153.3189191    
        70    -153.3189151    
        71    -153.3188658    
        72    -153.3188947    
        73    -153.3189154    
        74    -153.3189023    
        75    -153.4314629    
        76    -153.4314525    
        77    -153.4314525    
        78    -153.4314451    
        79    -153.4314463    
        80    -153.4314609    
        81    -153.4314565    
        82    -153.4314633    
        83    -153.4314633    
        84    -153.4314317    
        85    -153.4314509    
        86    -153.3086587    
        87    -153.3086608    
        88    -153.3086716    
        89    -153.3086716    
        90    -153.4314581    
        91    -153.4314633    
        92    -153.4314633    
        93    -153.4314072    
        94    -153.4314454    
        95    -153.4314435    
        96    -153.4314435    
        97    -153.4314633    
        98    -153.4314187    
        99    -153.4314633    
       100    -153.4314633    
       101    -153.4314613    
       102    -153.4314548    
       103    -153.4314352    
       104    -153.4314409    
       105    -153.4314494    
       106    -153.4314443    
       107    -153.4314476    
       108    -153.3086753    
       109    -153.3086678    
       110    -153.3086852    
       111    -153.4314618    
       112    -153.4314278    
       113    -153.4314400    
       114    -153.4313998    
       115    -153.4314607    
       116    -153.3086571    
       117    -153.3086854    
       118    -153.3086854    
       119    -153.3086816    
       120    -153.3086684    
       121    -153.3085404    
       122    -152.9984868    
       123    -152.9984868    
       124    -152.9984868    
       125    -152.9984835    
       126    -152.0567935    
       127    -152.0501007    
       128    -152.0501166    
       129    -152.0501193    
       130    -152.0500737    
       131    -152.0501297    
       132    -152.0501175    
       133    -152.0501297    
       134    -152.0147157    
       135    -152.0146957    
       136    -152.0146912    
       137    -152.0146443    
       138    -152.0147026    
       139    -152.0147026    
       140    -152.0147157    
       141    -152.0147019    
       142    -151.9988342    
       143    -151.9988498    
       144    -151.9988375    
       145    -151.9988281    
       146    -151.9988493    
       147    -152.0061528    
       148    -152.0062060    
       149    -152.0061838    
       150    -152.0061838    
       151    -152.0062068    
       152    -152.0061733    
       153    -151.5347074    
       154    -151.8891143    
       155    -151.8891085    
       156    -151.8891085    
       157    -151.8891085    
       158    -151.8891114    
       159    -151.8891130    
       160    -151.8891026    
       161    -151.8891051    
       162    -151.5375630    
       163    -151.5375630    
       164    -151.5375630    
       165    -151.5375160    
       166    -151.5375329    
       167    -151.5375347    
       168    -152.0107390    
       169    -152.0107390    
       170    -152.0107328    
       171    -152.0107354    
       172    -152.0264435    
       173    -152.0223481    
       174    -152.0223494    
       175    -152.0223348    
       176    -152.0146867    
       177    -152.0147034    
       178    -152.0147127    
       179    -152.0264510    
       180    -152.0264549    
       181    -152.0264639    
       182    -152.0264700    
       183    -152.0222732    
       184    -152.0223415    
       185    -152.0223299    
       186    -152.0223299    
       187    -152.0223288    
       188    -152.0264357    
       189    -152.0264730    
       190    -152.0264545    
       191    -152.0107391    
       192    -152.0107361    
       193    -152.0107171    
       194    -152.0107041    
       195    -152.0107207    
       196    -152.0264688    
       197    -152.0264568    
       198    -152.0264601    
       199    -152.0264730    
       200    -152.0264730    
