         1    -152.9587820    
         2    -152.9588166    
         3    -152.9588435    
         4    -152.9588217    
         5    -152.9588324    
         6    -153.0819082    
         7    -153.0818797    
         8    -153.0819070    
         9    -153.0819208    
        10    -153.0819219    
        11    -153.0819223    
        12    -153.0818440    
        13    -153.0984170    
        14    -153.0984208    
        15    -153.0984111    
        16    -153.0984111    
        17    -153.0984103    
        18    -153.0984186    
        19    -153.0819026    
        20    -153.0817833    
        21    -153.0818966    
        22    -153.0819245    
        23    -153.0819162    
        24    -152.9588403    
        25    -152.9588374    
        26    -152.9588364    
        27    -152.9588430    
        28    -152.9588406    
        29    -152.9588432    
        30    -152.9588448    
        31    -152.9588392    
        32    -152.9588252    
        33    -152.9588218    
        34    -152.9588056    
        35    -152.9588299    
        36    -152.9588299    
        37    -152.4339936    
        38    -152.4339933    
        39    -152.3814367    
        40    -152.3814367    
        41    -152.3814367    
        42    -152.3814312    
        43    -153.0819265    
        44    -153.0819265    
        45    -152.4339939    
        46    -152.4339817    
        47    -152.4339931    
        48    -153.3086723    
        49    -153.3086797    
        50    -153.3086831    
        51    -153.3086831    
        52    -153.3086854    
        53    -153.3086767    
        54    -153.3086146    
        55    -153.3085889    
        56    -153.3085889    
        57    -153.3085889    
        58    -153.3086701    
        59    -153.3086626    
        60    -153.4314546    
        61    -153.4314546    
        62    -153.4314593    
        63    -153.4314540    
        64    -153.4314490    
        65    -153.4314550    
        66    -153.4314616    
        67    -153.4314604    
        68    -153.4314633    
        69    -153.1212032    
        70    -153.1212140    
        71    -152.0505751    
        72    -152.0434699    
        73    -152.0434622    
        74    -153.1153535    
        75    -153.1153535    
        76    -153.1153664    
        77    -153.1153585    
        78    -153.1153682    
        79    -153.1153117    
        80    -153.1153117    
        81    -153.1153167    
        82    -153.1153172    
        83    -153.1153539    
        84    -153.1153608    
        85    -153.1153656    
        86    -153.1153646    
        87    -153.1153453    
        88    -153.1153644    
        89    -153.1153644    
        90    -153.1153642    
        91    -153.1153642    
        92    -153.1153480    
        93    -153.1153622    
        94    -153.1153611    
        95    -153.1153611    
        96    -153.1153611    
        97    -153.1153709    
        98    -153.1153709    
        99    -153.1153709    
       100    -153.1153434    
       101    -153.1153481    
       102    -153.1153250    
       103    -153.1153536    
       104    -153.1152831    
       105    -152.9916213    
       106    -152.9916213    
       107    -152.9915530    
       108    -153.1152914    
       109    -153.1153453    
       110    -153.1153594    
       111    -153.1153590    
       112    -153.1153655    
       113    -153.1258496    
       114    -153.0919693    
       115    -153.0758727    
       116    -153.0758364    
       117    -153.0758580    
       118    -153.0758728    
       119    -153.0758728    
       120    -153.0758354    
       121    -153.0758422    
       122    -153.0758534    
       123    -153.0758728    
       124    -153.0919547    
       125    -153.0919547    
       126    -153.0919671    
       127    -153.0919605    
       128    -153.0919621    
       129    -153.0919339    
       130    -153.0758081    
       131    -153.0758219    
       132    -153.0758588    
       133    -153.0758185    
       134    -153.0757938    
       135    -153.0758162    
       136    -153.0818658    
       137    -153.0819226    
       138    -153.0818109    
       139    -153.0819083    
       140    -152.3264469    
       141    -152.3264469    
       142    -152.3264408    
       143    -152.3264104    
       144    -152.3264104    
       145    -152.9588522    
       146    -152.9588489    
       147    -152.9588500    
       148    -152.9588174    
       149    -152.9588334    
       150    -152.9588401    
       151    -152.9588401    
       152    -152.9588494    
       153    -152.9588398    
       154    -152.9588095    
       155    -152.9588242    
       156    -152.9588242    
       157    -151.8800074    
       158    -151.8800684    
       159    -151.8800719    
       160    -151.8800710    
       161    -151.7919065    
       162    -151.7918850    
       163    -151.7919058    
       164    -151.7919065    
       165    -151.7919037    
       166    -151.7918997    
       167    -151.7918997    
       168    -151.7918888    
       169    -151.7919026    
       170    -151.7918900    
       171    -151.2703599    
       172    -151.2703509    
       173    -151.2703587    
       174    -151.2703514    
       175    -151.2666136    
       176    -152.1124223    
       177    -152.1124185    
       178    -152.1123985    
       179    -152.1123879    
       180    -152.1124150    
       181    -151.2932921    
       182    -151.2950701    
       183    -151.2950592    
       184    -151.6778745    
       185    -151.6778324    
       186    -151.6778588    
       187    -151.6778742    
       188    -151.3704370    
       189    -152.4233596    
       190    -152.4233459    
       191    -152.4233459    
       192    -151.8950571    
       193    -151.8949970    
       194    -151.8935257    
       195    -151.8935257    
       196    -152.6761374    
       197    -152.6761367    
       198    -152.6761296    
       199    -152.7983708    
       200    -152.6520924    
