         1    -152.9587820    
         2    -153.3017675    
         3    -153.3017658    
         4    -153.3017658    
         5    -153.3017814    
         6    -153.3017838    
         7    -153.3017808    
         8    -153.3017574    
         9    -153.3017611    
        10    -153.4255116    
        11    -152.1191533    
        12    -152.1191533    
        13    -152.1156390    
        14    -152.1216763    
        15    -152.1216667    
        16    -152.1216669    
        17    -152.1216796    
        18    -152.1216829    
        19    -152.1216744    
        20    -152.1216744    
        21    -151.9998003    
        22    -151.9997869    
        23    -151.9997928    
        24    -151.9997958    
        25    -151.9997931    
        26    -151.9997908    
        27    -151.9997941    
        28    -151.9936010    
        29    -151.9936106    
        30    -151.9997582    
        31    -151.9997975    
        32    -151.9997521    
        33    -151.9997968    
        34    -152.0034499    
        35    -151.9971582    
        36    -151.9972100    
        37    -152.1252553    
        38    -152.1252398    
        39    -152.1252039    
        40    -152.1252553    
        41    -152.1251955    
        42    -152.1251955    
        43    -152.1251955    
        44    -153.4314433    
        45    -153.4313857    
        46    -153.4314624    
        47    -153.0819216    
        48    -153.0819216    
        49    -153.0819250    
        50    -153.0819054    
        51    -153.4314378    
        52    -153.4314323    
        53    -153.4314467    
        54    -153.4314536    
        55    -153.4314536    
        56    -153.4314554    
        57    -153.4314427    
        58    -153.4314633    
        59    -153.4418887    
        60    -153.4419219    
        61    -153.4418974    
        62    -153.4419363    
        63    -153.4419334    
        64    -153.4419351    
        65    -152.0330567    
        66    -152.0330353    
        67    -152.0330545    
        68    -152.0330456    
        69    -152.0330512    
        70    -152.0330041    
        71    -152.0330505    
        72    -152.0330171    
        73    -152.1216408    
        74    -152.1216319    
        75    -152.1216905    
        76    -152.1216799    
        77    -152.1216799    
        78    -151.9997647    
        79    -151.9997647    
        80    -151.9997930    
        81    -151.9997806    
        82    -152.1216852    
        83    -152.1216846    
        84    -152.1216177    
        85    -152.1216835    
        86    -151.9997572    
        87    -151.9997827    
        88    -151.9997859    
        89    -151.9997871    
        90    -151.9997939    
        91    -151.9997941    
        92    -151.9997881    
        93    -151.9997961    
        94    -151.9997969    
        95    -152.1216905    
        96    -150.6537741    
        97    -150.6539283    
        98    -150.6539283    
        99    -150.6574076    
       100    -150.6607344    
       101    -150.6607564    
       102    -150.6538776    
       103    -150.6538910    
       104    -150.8258154    
       105    -150.8257666    
       106    -150.8187500    
       107    -150.8187432    
       108    -150.7260489    
       109    -150.7260252    
       110    -150.7260371    
       111    -150.7260398    
       112    -151.7857087    
       113    -151.7857273    
       114    -151.7857225    
       115    -151.7857289    
       116    -151.7857113    
       117    -151.7857218    
       118    -151.7857289    
       119    -151.7857239    
       120    -151.7857266    
       121    -151.7857014    
       122    -151.7857283    
       123    -151.7857288    
       124    -151.7919065    
       125    -151.7918556    
       126    -150.2636598    
       127    -150.2636598    
       128    -150.2636334    
       129    -150.2636516    
       130    -149.3617464    
       131    -149.5049735    
       132    -149.5049392    
       133    -149.5049728    
       134    -150.3985713    
       135    -150.3998590    
       136    -150.3998505    
       137    -150.3998543    
       138    -150.3998371    
       139    -150.3998347    
       140    -150.3998536    
       141    -150.3998445    
       142    -150.3998443    
       143    -150.3998278    
       144    -150.3998541    
       145    -150.3998472    
       146    -150.3998617    
       147    -150.3998563    
       148    -153.8732102    
       149    -153.8760573    
       150    -153.8760342    
       151    -153.8732178    
       152    -153.8732178    
       153    -153.8732133    
       154    -154.6610349    
       155    -154.6610346    
       156    -154.6651779    
       157    -154.6651784    
       158    -154.6651784    
       159    -154.6651771    
       160    -154.6658961    
       161    -154.6658946    
       162    -154.6658917    
       163    -154.6658951    
       164    -154.6658954    
       165    -154.6658951    
       166    -154.6658932    
       167    -154.6658932    
       168    -154.6658965    
       169    -154.6651772    
       170    -152.1878507    
       171    -152.1878222    
       172    -152.1878390    
       173    -152.1878309    
       174    -152.1878484    
       175    -152.1878464    
       176    -152.1878464    
       177    -153.8738747    
       178    -152.4053593    
       179    -152.4053554    
       180    -152.3935959    
       181    -152.3935959    
       182    -152.3935959    
       183    -152.3935967    
       184    -152.3935882    
       185    -152.3935882    
       186    -152.3935950    
       187    -152.3935777    
       188    -152.3935627    
       189    -152.3935966    
       190    -152.3935966    
       191    -152.3935966    
       192    -152.3935866    
       193    -152.3935942    
       194    -152.3935793    
       195    -152.3935877    
       196    -152.3935609    
       197    -152.3935930    
       198    -152.3935817    
       199    -152.3935845    
       200    -151.2582404    
