         1    -152.9587820    
         2    -152.9750955    
         3    -153.3189191    
         4    -153.3115735    
         5    -153.3115735    
         6    -153.3116236    
         7    -153.3116167    
         8    -153.3116399    
         9    -153.3116332    
        10    -153.3116332    
        11    -153.3115622    
        12    -153.3116251    
        13    -153.3116251    
        14    -153.3116251    
        15    -153.3116349    
        16    -153.3116374    
        17    -153.3116164    
        18    -152.9676261    
        19    -152.9676261    
        20    -152.9676207    
        21    -153.3116399    
        22    -153.3116314    
        23    -153.3017562    
        24    -153.3017578    
        25    -153.3017320    
        26    -153.3017503    
        27    -152.3600769    
        28    -152.3534238    
        29    -151.8901674    
        30    -151.8901363    
        31    -151.8901592    
        32    -151.8901072    
        33    -151.8901674    
        34    -151.8901674    
        35    -151.8901661    
        36    -151.8901648    
        37    -151.8900732    
        38    -151.8891081    
        39    -151.8890950    
        40    -151.8891142    
        41    -151.8891110    
        42    -151.8891118    
        43    -151.8891039    
        44    -151.8891143    
        45    -151.8889709    
        46    -151.8934355    
        47    -151.8935599    
        48    -151.8935444    
        49    -151.8890902    
        50    -151.8891086    
        51    -151.8890574    
        52    -151.8891028    
        53    -151.8890636    
        54    -151.8890636    
        55    -151.8891048    
        56    -151.8890929    
        57    -150.3797087    
        58    -150.3796913    
        59    -150.3796478    
        60    -150.3796795    
        61    -150.3796623    
        62    -150.3796970    
        63    -149.3497039    
        64    -149.3497388    
        65    -149.3497521    
        66    -149.3497419    
        67    -149.3497497    
        68    -149.3497544    
        69    -149.3497524    
        70    -150.7930235    
        71    -152.6913541    
        72    -152.6913532    
        73    -152.6913532    
        74    -152.6913532    
        75    -152.6913402    
        76    -153.4872163    
        77    -153.4901079    
        78    -153.4901079    
        79    -153.4901079    
        80    -153.4901092    
        81    -153.4870928    
        82    -153.4870974    
        83    -153.4870974    
        84    -153.4870968    
        85    -153.4870938    
        86    -153.4901050    
        87    -153.4901020    
        88    -153.4901006    
        89    -153.4872235    
        90    -153.4872236    
        91    -153.4872236    
        92    -153.4872212    
        93    -153.4872212    
        94    -153.4872162    
        95    -153.4872203    
        96    -153.4872002    
        97    -153.4872212    
        98    -153.4872212    
        99    -153.4872236    
       100    -153.4872230    
       101    -153.4872228    
       102    -153.4872139    
       103    -153.4872236    
       104    -153.4847236    
       105    -153.4847236    
       106    -153.4847172    
       107    -153.4847189    
       108    -153.4847229    
       109    -153.4870975    
       110    -153.4870975    
       111    -153.4870938    
       112    -153.4901071    
       113    -153.4901071    
       114    -153.4358804    
       115    -153.4358804    
       116    -153.4358819    
       117    -153.4901061    
       118    -153.4901082    
       119    -153.4901054    
       120    -153.4900865    
       121    -153.2268713    
       122    -153.2268699    
       123    -153.1725491    
       124    -153.1725403    
       125    -153.1725516    
       126    -153.1725473    
       127    -152.3319960    
       128    -152.3319912    
       129    -152.3319912    
       130    -152.3319939    
       131    -152.3319943    
       132    -152.3319966    
       133    -152.3866923    
       134    -151.8174979    
       135    -151.8175248    
       136    -151.8175179    
       137    -151.8175179    
       138    -151.8175263    
       139    -151.8175073    
       140    -151.8175063    
       141    -151.8175108    
       142    -151.8175222    
       143    -151.4780830    
       144    -152.6938749    
       145    -152.6938749    
       146    -152.6938749    
       147    -152.6938679    
       148    -152.6938423    
       149    -152.6938417    
       150    -152.6938731    
       151    -152.6734178    
       152    -152.6734435    
       153    -152.6734445    
       154    -152.6734312    
       155    -152.6734356    
       156    -152.6734475    
       157    -152.6734475    
       158    -152.6734395    
       159    -152.6734252    
       160    -151.4515188    
       161    -151.4515029    
       162    -151.4515227    
       163    -149.9726854    
       164    -149.9718765    
       165    -149.9718482    
       166    -149.9718909    
       167    -149.9718535    
       168    -149.9718535    
       169    -149.9718920    
       170    -150.0773651    
       171    -150.0385377    
       172    -150.0385434    
       173    -150.0385500    
       174    -150.0385495    
       175    -150.0385235    
       176    -150.0385444    
       177    -150.3537213    
       178    -150.3537170    
       179    -152.2848870    
       180    -152.2922716    
       181    -152.2922766    
       182    -152.6136820    
       183    -152.6136834    
       184    -152.6136834    
       185    -152.6136788    
       186    -152.6136283    
       187    -152.6136739    
       188    -152.6136669    
       189    -152.6136669    
       190    -152.6136710    
       191    -153.0218495    
       192    -153.0218636    
       193    -153.0148614    
       194    -153.0148495    
       195    -153.0148560    
       196    -153.0148560    
       197    -153.0148583    
       198    -153.0148510    
       199    -153.0148627    
       200    -153.0148567    
