         1    -152.9587820    
         2    -152.9587820    
         3    -152.9588179    
         4    -152.9588404    
         5    -152.9588178    
         6    -152.9588506    
         7    -152.9588506    
         8    -152.9588287    
         9    -152.9588424    
        10    -152.3264469    
        11    -152.3264233    
        12    -151.5375630    
        13    -151.5375135    
        14    -151.5551750    
        15    -151.5551723    
        16    -151.5551640    
        17    -151.5551393    
        18    -151.5551852    
        19    -151.5551546    
        20    -151.5551546    
        21    -151.5551692    
        22    -151.5551635    
        23    -151.5551488    
        24    -151.5551830    
        25    -151.5551767    
        26    -151.5553576    
        27    -152.3498241    
        28    -152.3498173    
        29    -152.3498208    
        30    -152.3498208    
        31    -152.3498131    
        32    -152.3498241    
        33    -152.3498101    
        34    -152.6923732    
        35    -152.6893527    
        36    -152.6923732    
        37    -152.6923729    
        38    -152.3498176    
        39    -152.3498189    
        40    -152.3498240    
        41    -152.3497809    
        42    -152.3497809    
        43    -153.2478295    
        44    -153.2478253    
        45    -153.3083348    
        46    -153.3083418    
        47    -153.3083225    
        48    -153.3083418    
        49    -151.2657767    
        50    -151.2657629    
        51    -151.2718110    
        52    -151.2718110    
        53    -151.2717979    
        54    -151.2718285    
        55    -151.2717588    
        56    -151.2718173    
        57    -151.2717855    
        58    -151.2718227    
        59    -151.2718285    
        60    -151.9972126    
        61    -151.9972143    
        62    -151.9971579    
        63    -151.9972143    
        64    -152.1190822    
        65    -152.1191018    
        66    -151.9949210    
        67    -151.9949195    
        68    -151.9949355    
        69    -151.9949221    
        70    -151.9949440    
        71    -152.1191422    
        72    -152.1191387    
        73    -152.1191434    
        74    -153.4255761    
        75    -153.4255365    
        76    -153.4255745    
        77    -153.4255678    
        78    -153.4255678    
        79    -153.4255678    
        80    -153.4255681    
        81    -153.4255357    
        82    -153.4255664    
        83    -153.4255761    
        84    -153.4255713    
        85    -153.4255713    
        86    -153.4255713    
        87    -153.4255761    
        88    -153.4255427    
        89    -153.4255629    
        90    -153.4255331    
        91    -153.0758728    
        92    -151.9988498    
        93    -151.9988418    
        94    -152.0037524    
        95    -152.0037524    
        96    -151.3864979    
        97    -151.3864979    
        98    -151.3864817    
        99    -151.3864958    
       100    -153.0919694    
       101    -152.9675649    
       102    -152.9675649    
       103    -152.9675879    
       104    -152.9676199    
       105    -152.9676100    
       106    -152.9750843    
       107    -152.9750843    
       108    -152.9751095    
       109    -152.9751113    
       110    -152.3466668    
       111    -152.3466255    
       112    -151.5551852    
       113    -151.5551690    
       114    -151.5551852    
       115    -151.5551852    
       116    -151.5551736    
       117    -151.5551652    
       118    -151.5551652    
       119    -151.5551766    
       120    -152.3466668    
       121    -152.3466663    
       122    -152.3466404    
       123    -152.3466574    
       124    -152.3466632    
       125    -152.3264339    
       126    -152.3264469    
       127    -152.3264399    
       128    -152.3264313    
       129    -152.3323098    
       130    -152.6814627    
       131    -152.6761100    
       132    -152.7308264    
       133    -152.7308264    
       134    -152.7308237    
       135    -152.7308134    
       136    -152.7360159    
       137    -152.7360136    
       138    -152.7359943    
       139    -152.7359491    
       140    -152.7359993    
       141    -152.7360135    
       142    -152.7360135    
       143    -152.7360135    
       144    -152.7359980    
       145    -152.7360091    
       146    -152.7359326    
       147    -152.6520924    
       148    -152.6520864    
       149    -152.6937012    
       150    -152.6936837    
       151    -152.6936676    
       152    -152.6936952    
       153    -152.6936328    
       154    -152.6936914    
       155    -152.6937007    
       156    -152.6936882    
       157    -152.6936918    
       158    -152.6936993    
       159    -152.6936577    
       160    -153.4255761    
       161    -153.4255418    
       162    -153.4255669    
       163    -153.4255712    
       164    -153.4254700    
       165    -153.4255720    
       166    -153.4255661    
       167    -153.4255232    
       168    -153.4255283    
       169    -153.4255373    
       170    -153.4255373    
       171    -153.4255580    
       172    -153.4255385    
       173    -152.6936410    
       174    -152.6936991    
       175    -152.6936982    
       176    -152.7359663    
       177    -152.6814627    
       178    -152.6814149    
       179    -152.6814149    
       180    -152.6814627    
       181    -152.6814442    
       182    -152.6814472    
       183    -152.6814627    
       184    -152.6814602    
       185    -152.6814576    
       186    -152.6814346    
       187    -152.6923575    
       188    -152.6923732    
       189    -152.6814627    
       190    -152.6814580    
       191    -152.6814092    
       192    -152.4233649    
       193    -152.4233409    
       194    -152.4822862    
       195    -152.4822862    
       196    -152.4822804    
       197    -152.4822804    
       198    -152.4823383    
       199    -152.4823402    
       200    -153.1320457    
