         1    -152.9587820    
         2    -152.9588039    
         3    -152.9588522    
         4    -152.9588277    
         5    -152.9588131    
         6    -152.9588131    
         7    -152.9588131    
         8    -152.9588399    
         9    -152.9517827    
        10    -152.9517000    
        11    -152.9517401    
        12    -152.9517626    
        13    -153.0758525    
        14    -152.9517868    
        15    -153.0758470    
        16    -153.0758702    
        17    -153.0758728    
        18    -153.0758722    
        19    -153.0757329    
        20    -153.0819265    
        21    -153.0758700    
        22    -152.9517843    
        23    -152.9676144    
        24    -152.9676261    
        25    -153.2478295    
        26    -153.2478215    
        27    -153.2478279    
        28    -153.2478287    
        29    -153.2478033    
        30    -153.2478033    
        31    -153.2478121    
        32    -153.2478258    
        33    -153.2617707    
        34    -153.2617662    
        35    -153.2617692    
        36    -153.2617627    
        37    -151.8315981    
        38    -151.8315929    
        39    -151.8315474    
        40    -151.8315760    
        41    -151.8315981    
        42    -151.8315981    
        43    -151.8315981    
        44    -151.8315866    
        45    -151.8308045    
        46    -151.8307920    
        47    -151.8307920    
        48    -151.8308107    
        49    -151.8308266    
        50    -151.8308266    
        51    -151.8308266    
        52    -151.8307948    
        53    -151.8308153    
        54    -151.8308068    
        55    -151.8307572    
        56    -151.8308170    
        57    -151.8307983    
        58    -151.8308191    
        59    -151.8308034    
        60    -150.7611499    
        61    -150.4985213    
        62    -150.4985213    
        63    -150.4984955    
        64    -150.4985089    
        65    -150.5334083    
        66    -150.5334060    
        67    -150.5334130    
        68    -150.5334162    
        69    -150.5334162    
        70    -150.5334167    
        71    -150.5334077    
        72    -150.5334159    
        73    -150.5334167    
        74    -150.5334110    
        75    -150.4984997    
        76    -150.4985113    
        77    -150.4985050    
        78    -150.4985134    
        79    -150.4985134    
        80    -150.4985010    
        81    -150.4985213    
        82    -150.4985108    
        83    -150.4984707    
        84    -150.4985213    
        85    -150.4985103    
        86    -150.5027610    
        87    -151.6525785    
        88    -151.6525785    
        89    -151.6871252    
        90    -151.6871252    
        91    -151.4348182    
        92    -151.4348143    
        93    -151.4348020    
        94    -151.4347975    
        95    -153.7659444    
        96    -153.7659398    
        97    -153.7659398    
        98    -153.7659445    
        99    -153.7659392    
       100    -153.7659349    
       101    -153.7695246    
       102    -153.7695258    
       103    -153.7659442    
       104    -153.7659381    
       105    -153.7659380    
       106    -153.7659380    
       107    -153.7659364    
       108    -153.7659395    
       109    -153.7659429    
       110    -153.7659402    
       111    -153.7659409    
       112    -153.7659437    
       113    -153.7659418    
       114    -153.7659429    
       115    -153.7659436    
       116    -153.7659436    
       117    -153.7659445    
       118    -154.0364182    
       119    -154.0364167    
       120    -154.0364167    
       121    -154.0364190    
       122    -154.0383943    
       123    -154.0383930    
       124    -154.0383930    
       125    -154.0383930    
       126    -154.0383888    
       127    -153.7695266    
       128    -153.7695265    
       129    -153.7695266    
       130    -153.7695261    
       131    -153.7695243    
       132    -153.7695227    
       133    -153.7695227    
       134    -153.7695242    
       135    -153.7695224    
       136    -153.7695254    
       137    -152.9434138    
       138    -152.9434009    
       139    -152.9434009    
       140    -152.9434138    
       141    -152.9434040    
       142    -152.9434027    
       143    -152.9434027    
       144    -153.1114060    
       145    -153.1114080    
       146    -153.1114128    
       147    -153.1114104    
       148    -152.9434138    
       149    -153.0039198    
       150    -153.0039208    
       151    -153.0039249    
       152    -153.0039239    
       153    -152.9434102    
       154    -152.9434092    
       155    -152.9434119    
       156    -152.9434073    
       157    -152.9434068    
       158    -152.9434068    
       159    -152.9434108    
       160    -152.9434105    
       161    -152.9434105    
       162    -152.6650510    
       163    -152.6650399    
       164    -152.6650510    
       165    -152.6650510    
       166    -152.6650510    
       167    -152.6650092    
       168    -152.6650092    
       169    -152.6649979    
       170    -152.6649979    
       171    -152.6650346    
       172    -152.6650510    
       173    -152.6650510    
       174    -152.6650227    
       175    -152.6490895    
       176    -152.6491207    
       177    -152.6491203    
       178    -152.9916228    
       179    -152.9916109    
       180    -152.9915597    
       181    -152.9915872    
       182    -152.9916166    
       183    -152.9916228    
       184    -152.9916217    
       185    -152.9916228    
       186    -152.9916228    
       187    -152.9916012    
       188    -152.9916191    
       189    -152.9916123    
       190    -152.9916123    
       191    -152.9916123    
       192    -153.1152975    
       193    -153.1152975    
       194    -153.1152975    
       195    -153.1153654    
       196    -153.1153571    
       197    -153.1258550    
       198    -153.1320666    
       199    -153.1212004    
       200    -153.1212217    
