       1    -151.7523837          16
       2    -151.7301918          17
       3    -151.7184405          18
       4    -151.6781965          19
       5    -151.6086631          20
       6    -151.5795032          21
       7    -151.4360003          22
       8    -151.3683531          23
       9    -151.2486024          24
      10    -151.2334824          25
      11    -151.1826936          26
      12    -154.0383948          27
      13    -153.7695266          28
      14    -153.1320666          30
      15    -153.1212225          31
      16    -153.0039258          32
      17    -152.9916228          33
      18    -152.9676261          34
      19    -152.9434138          35
      20    -152.7375465          36
      21    -152.6819894          37
      22    -152.6650511          38
      23    -152.6491343          39
      24    -151.9869011          40
      25    -151.8850298          41
      26    -151.8389387          42
      27    -151.7458523          43
      28    -151.6871252          44
      29    -151.6525785          45
      30    -151.4590408          46
      31    -151.4348182          47
      32    -151.2999106          48
      33    -151.2268028          49
      34    -153.4314634          51
      35    -153.3086854          52
      36    -153.1258550          53
      37    -152.7983708          54
      38    -152.6937024          55
      39    -152.6761374          56
      40    -152.6520924          57
      41    -152.4339983          58
      42    -152.4233649          59
      43    -152.3841399          60
      44    -152.3264469          61
      45    -152.1124223          62
      46    -152.0505751          63
      47    -152.0270107          64
      48    -152.0107391          65
      49    -151.9215784          66
      50    -151.8950571          67
      51    -151.8800769          68
      52    -151.8041490          69
      53    -151.7919065          70
      54    -151.6898692          71
      55    -151.6778745          72
      56    -153.4255761          73
      57    -153.3083418          74
      58    -153.0758728          75
      59    -152.9751113          76
      60    -152.7360159          77
      61    -152.6814627          78
      62    -152.4823473          79
      63    -152.3534238          80
      64    -152.3323209          81
      65    -152.3173942          82
      66    -152.1191533          83
      67    -152.0609784          84
      68    -152.0038152          85
      69    -151.5875110          86
      70    -151.5554307          87
      71    -151.5375630          88
      72    -151.3864979          89
      73    -151.2718291          90
      74    -151.2490074          91
      75    -150.8843564          92
      76    -150.8222389          93
      77    -153.4813884          94
      78    -153.4419363          95
      79    -153.3116399          96
      80    -153.1153709          97
      81    -153.0919694          98
      82    -152.7443311          99
      83    -152.6923732         100
      84    -152.4642488         101
      85    -152.4347543         102
      86    -152.4069649         103
      87    -152.0501297         105
      88    -152.0192692         106
      89    -151.9050600         107
      90    -151.7435134         108
      91    -151.6901507         109
      92    -151.6553568         110
      93    -151.5814183         111
      94    -153.3189191         112
      95    -152.9984868         113
      96    -152.9821186         114
      97    -152.7471959         115
      98    -152.1252554         116
      99    -152.0567966         117
     100    -152.0447042         118
     101    -152.0264730         119
     102    -152.0147157         120
     103    -151.9988498         121
     104    -151.8891143         122
     105    -151.6613713         123
     106    -151.5533843         124
     107    -151.2463272         125
     108    -151.2186644         126
     109    -151.2073184         127
     110    -150.9260536         128
     111    -150.8914181         129
     112    -153.4901111         130
     113    -153.4358854         131
     114    -153.3017865         132
     115    -153.2268713         133
     116    -153.1725519         134
     117    -153.0218636         135
     118    -152.6938749         136
     119    -152.6734475         137
     120    -152.6136834         138
     121    -152.3866975         139
     122    -152.3694820         140
     123    -152.3319973         141
     124    -152.2922781         142
     125    -152.2727104         143
     126    -151.9029187         144
     127    -151.8901674         145
     128    -151.8175321         146
     129    -151.6946380         147
     130    -151.6061231         148
     131    -151.4780834         149
     132    -151.4515231         150
     133    -151.2114868         151
     134    -154.6658974         152
     135    -153.8760579         153
     136    -152.5644904         154
     137    -152.4053593         155
     138    -152.3935967         156
     139    -152.1878507         157
     140    -152.1682461         158
     141    -152.0330567         159
     142    -152.0034552         160
     143    -151.8726955         161
     144    -151.2582404         162
     145    -151.0422601         163
     146    -150.8258154         164
     147    -150.7260489         165
     148    -150.6607798         166
     149    -150.6177651         167
     150    -150.3998622         168
     151    -150.2636598         169
     152    -153.7659445         170
     153    -152.8257797         171
     154    -152.4684062         172
     155    -152.1705749         173
     156    -151.9728845         174
     157    -151.6879015         175
     158    -151.6372242         176
     159    -151.6193577         177
     160    -151.5955654         178
     161    -151.5794941         179
     162    -151.4271992         180
     163    -151.3051894         181
     164    -151.2475380         182
     165    -151.2173123         183
     166    -150.9575293         184
     167    -150.7242821         185
     168    -153.4356880         186
     169    -152.3668123         187
     170    -152.0223550         188
     171    -151.9998003         189
     172    -151.8765824         190
     173    -151.1255510         191
     174    -151.0887370         192
     175    -150.8771939         193
     176    -150.2409358         194
     177    -152.6561662         195
     178    -152.3798261         196
     179    -152.3662549         197
     180    -152.2771055         198
     181    -152.2197304         199
     182    -152.1914128         200
     183    -152.0471078         201
     184    -152.0241328         202
     185    -151.9949440         203
     186    -151.9661539         204
     187    -151.8861800         205
     188    -151.6829842         206
     189    -151.5728852         207
     190    -151.5214173         208
     191    -151.4642142         209
     192    -151.3893646         210
     193    -151.3120274         211
     194    -151.2947862         212
     195    -155.9667743         219
     196    -155.2751168         220
     197    -154.5158540         222
     198    -154.4819356         223
     199    -154.1301438         224
     200    -153.9523772         225
     201    -153.8488969         226
     202    -153.7888631         227
     203    -153.4840933         228
     204    -153.1705625         229
     205    -156.9564402         231
     206    -156.4573756         232
     207    -155.7268610         233
     208    -155.4728222         234
     209    -154.8822707         235
     210    -153.2086663         236
     211    -153.1806690         237
     212    -152.9517868         238
     213    -152.1582817         239
     214    -152.0800870         240
     215    -151.8068731         241
     216    -152.4118300         242
     217    -151.9620504         243
     218    -151.6443717         244
     219    -151.6119313         245
     220    -151.5965044         246
     221    -151.3685872         247
     222    -151.3086075         248
     223    -151.2918893         249
     224    -151.2803258         250
     225    -151.2671007         251
     226    -154.3910103         252
     227    -153.3493447         253
     228    -153.2025891         254
     229    -153.1114196         255
     230    -153.0090869         256
     231    -152.9130758         257
     232    -152.7958144         258
     233    -152.6724999         259
     234    -152.4256285         260
     235    -152.2639392         261
     236    -152.2356307         262
     237    -152.0062090         263
     238    -151.9099857         264
     239    -151.8119778         265
     240    -151.7588420         266
     241    -156.3781576         267
     242    -155.5025804         268
     243    -155.4784358         269
     244    -155.0570088         270
     245    -154.8106153         271
     246    -154.6602707         272
     247    -154.4387863         273
     248    -154.2483162         274
     249    -154.1998219         275
     250    -154.0650772         276
     251    -153.6454038         277
     252    -153.4661800         278
     253    -153.1133080         279
     254    -152.8076235         280
     255    -152.7308264         281
     256    -152.5288269         282
     257    -152.3814367         283
     258    -152.2782560         284
     259    -152.2914878         308
     260    -152.0084946         309
     261    -152.2005420         310
     262    -153.6671010         315
     263    -152.9908919         316
     264    -153.6739722         322
     265    -152.9665841         323
     266    -157.1721356         346
     267    -152.5707961         347
     268    -152.1276204         353
     269    -152.1297960         354
     270    -154.4079534         358
     271    -153.1509182         359
     272    -154.4571376         375
     273    -152.8454496         376
     274    -156.1978980         377
     275    -157.7334417         378
     276    -153.3695325         385
     277    -153.4327390         386
     278    -152.1920148         389
     279    -154.4011903         391
     280    -155.7730256         396
     281    -154.6050690         397
     282    -155.6289070         418
     283    -153.9646825         419
     284    -153.3433780         420
     285    -152.5649821         421
     286    -152.3940517         422
     287    -152.8438649         432
     288    -151.9237340         433
     289    -151.2460859         443
     290    -150.4296324         444
