GROUP TYR2AB 9 11 14 0.5 0.0625
12
13
14
15
16
17
18
19
20
21
22
23
24
25
GROUP TYR3AB 30 32 14 0.5 0.0625
33
34
35
36
37
38
39
40
41
42
43
44
45
46
GROUP TYR6AB 65 67 14 0.5 0.0625
68
69
70
71
72
73
74
75
76
77
78
79
80
81
GROUP TYR7AB 86 88 14 0.5 0.0625
89
90
91
92
93
94
95
96
97
98
99
100
101
102
GROUP TYR2BG 11 14 11 0.5 0.0625
15
16
17
18
19
20
21
22
23
24
25
GROUP TYR3BG 32 35 11 0.5 0.0625
36
37
38
39
40
41
42
43
44
45
46
GROUP TYR6BG 67 70 11 0.5 0.0625
71
72
73
74
75
76
77
78
79
80
81
GROUP TYR7BG 88 91 11 0.5 0.0625
92
93
94
95
96
97
98
99
100
101
102
GROUP TYR10AB 119 121 14 0.5 0.0625
122
123
124
125
126
127
128
129
130
131
132
133
134
135
GROUP TYR11AB 140 142 14 0.5 0.0625
143
144
145
146
147
148
149
150
151
152
153
154
155
156
GROUP TYR14AB 175 177 14 0.5 0.0625
178
179
180
181
182
183
184
185
186
187
188
189
190
191
GROUP TYR15AB 196 198 14 0.5 0.0625
199
200
201
202
203
204
205
206
207
208
209
210
211
212
GROUP TYR10BG 121 124 11 0.5 0.0625
125
126
127
128
129
130
131
132
133
134
135
GROUP TYR11BG 142 145 11 0.5 0.0625
146
147
148
149
150
151
152
153
154
155
156
GROUP TYR14BG 177 180 11 0.5 0.0625
181
182
183
184
185
186
187
188
189
190
191
GROUP TYR15BG 198 201 11 0.5 0.0625
202
203
204
205
206
207
208
209
210
211
212
