         1    -152.9588039    
         2    -152.9588522    
         3    -152.9588522    
         4    -152.9588522    
         5    -152.9588522    
         6    -152.9588522    
         7    -152.9588522    
         8    -152.9588522    
         9    -152.9588522    
        10    -152.9588522    
        11    -152.9588522    
        12    -153.0758525    
        13    -153.0758525    
        14    -153.0758525    
        15    -153.0758702    
        16    -153.0758728    
        17    -153.0758728    
        18    -153.0758728    
        19    -153.0819265    
        20    -153.0819265    
        21    -153.0819265    
        22    -153.0819265    
        23    -153.0819265    
        24    -153.2478295    
        25    -153.2478295    
        26    -153.2478295    
        27    -153.2478295    
        28    -153.2478295    
        29    -153.2478295    
        30    -153.2478295    
        31    -153.2478295    
        32    -153.2617707    
        33    -153.2617707    
        34    -153.2617707    
        35    -153.2617707    
        36    -153.2617707    
        37    -153.2617707    
        38    -153.2617707    
        39    -153.2617707    
        40    -153.2617707    
        41    -153.2617707    
        42    -153.2617707    
        43    -153.2617707    
        44    -153.2617707    
        45    -153.2617707    
        46    -153.2617707    
        47    -153.2617707    
        48    -153.2617707    
        49    -153.2617707    
        50    -153.2617707    
        51    -153.2617707    
        52    -153.2617707    
        53    -153.2617707    
        54    -153.2617707    
        55    -153.2617707    
        56    -153.2617707    
        57    -153.2617707    
        58    -153.2617707    
        59    -153.2617707    
        60    -153.2617707    
        61    -153.2617707    
        62    -153.2617707    
        63    -153.2617707    
        64    -153.2617707    
        65    -153.2617707    
        66    -153.2617707    
        67    -153.2617707    
        68    -153.2617707    
        69    -153.2617707    
        70    -153.2617707    
        71    -153.2617707    
        72    -153.2617707    
        73    -153.2617707    
        74    -153.2617707    
        75    -153.2617707    
        76    -153.2617707    
        77    -153.2617707    
        78    -153.2617707    
        79    -153.2617707    
        80    -153.2617707    
        81    -153.2617707    
        82    -153.2617707    
        83    -153.2617707    
        84    -153.2617707    
        85    -153.2617707    
        86    -153.2617707    
        87    -153.2617707    
        88    -153.2617707    
        89    -153.2617707    
        90    -153.2617707    
        91    -153.2617707    
        92    -153.2617707    
        93    -153.2617707    
        94    -153.7659444    
        95    -153.7659444    
        96    -153.7659444    
        97    -153.7659445    
        98    -153.7659445    
        99    -153.7659445    
       100    -153.7695246    
