         1    -152.9587820    
         2    -152.9588179    
         3    -152.9588404    
         4    -152.9588404    
         5    -152.9588506    
         6    -152.9588506    
         7    -152.9588506    
         8    -152.9588506    
         9    -152.9588506    
        10    -152.9588506    
        11    -152.9588506    
        12    -152.9588506    
        13    -152.9588506    
        14    -152.9588506    
        15    -152.9588506    
        16    -152.9588506    
        17    -152.9588506    
        18    -152.9588506    
        19    -152.9588506    
        20    -152.9588506    
        21    -152.9588506    
        22    -152.9588506    
        23    -152.9588506    
        24    -152.9588506    
        25    -152.9588506    
        26    -152.9588506    
        27    -152.9588506    
        28    -152.9588506    
        29    -152.9588506    
        30    -152.9588506    
        31    -152.9588506    
        32    -152.9588506    
        33    -152.9588506    
        34    -152.9588506    
        35    -152.9588506    
        36    -152.9588506    
        37    -152.9588506    
        38    -152.9588506    
        39    -152.9588506    
        40    -152.9588506    
        41    -152.9588506    
        42    -153.2478295    
        43    -153.2478295    
        44    -153.3083348    
        45    -153.3083418    
        46    -153.3083418    
        47    -153.3083418    
        48    -153.3083418    
        49    -153.3083418    
        50    -153.3083418    
        51    -153.3083418    
        52    -153.3083418    
        53    -153.3083418    
        54    -153.3083418    
        55    -153.3083418    
        56    -153.3083418    
        57    -153.3083418    
        58    -153.3083418    
        59    -153.3083418    
        60    -153.3083418    
        61    -153.3083418    
        62    -153.3083418    
        63    -153.3083418    
        64    -153.3083418    
        65    -153.3083418    
        66    -153.3083418    
        67    -153.3083418    
        68    -153.3083418    
        69    -153.3083418    
        70    -153.3083418    
        71    -153.3083418    
        72    -153.3083418    
        73    -153.4255761    
        74    -153.4255761    
        75    -153.4255761    
        76    -153.4255761    
        77    -153.4255761    
        78    -153.4255761    
        79    -153.4255761    
        80    -153.4255761    
        81    -153.4255761    
        82    -153.4255761    
        83    -153.4255761    
        84    -153.4255761    
        85    -153.4255761    
        86    -153.4255761    
        87    -153.4255761    
        88    -153.4255761    
        89    -153.4255761    
        90    -153.4255761    
        91    -153.4255761    
        92    -153.4255761    
        93    -153.4255761    
        94    -153.4255761    
        95    -153.4255761    
        96    -153.4255761    
        97    -153.4255761    
        98    -153.4255761    
        99    -153.4255761    
       100    -153.4255761    
