         1    -152.9750955    
         2    -153.3189191    
         3    -153.3189191    
         4    -153.3189191    
         5    -153.3189191    
         6    -153.3189191    
         7    -153.3189191    
         8    -153.3189191    
         9    -153.3189191    
        10    -153.3189191    
        11    -153.3189191    
        12    -153.3189191    
        13    -153.3189191    
        14    -153.3189191    
        15    -153.3189191    
        16    -153.3189191    
        17    -153.3189191    
        18    -153.3189191    
        19    -153.3189191    
        20    -153.3189191    
        21    -153.3189191    
        22    -153.3189191    
        23    -153.3189191    
        24    -153.3189191    
        25    -153.3189191    
        26    -153.3189191    
        27    -153.3189191    
        28    -153.3189191    
        29    -153.3189191    
        30    -153.3189191    
        31    -153.3189191    
        32    -153.3189191    
        33    -153.3189191    
        34    -153.3189191    
        35    -153.3189191    
        36    -153.3189191    
        37    -153.3189191    
        38    -153.3189191    
        39    -153.3189191    
        40    -153.3189191    
        41    -153.3189191    
        42    -153.3189191    
        43    -153.3189191    
        44    -153.3189191    
        45    -153.3189191    
        46    -153.3189191    
        47    -153.3189191    
        48    -153.3189191    
        49    -153.3189191    
        50    -153.3189191    
        51    -153.3189191    
        52    -153.3189191    
        53    -153.3189191    
        54    -153.3189191    
        55    -153.3189191    
        56    -153.3189191    
        57    -153.3189191    
        58    -153.3189191    
        59    -153.3189191    
        60    -153.3189191    
        61    -153.3189191    
        62    -153.3189191    
        63    -153.3189191    
        64    -153.3189191    
        65    -153.3189191    
        66    -153.3189191    
        67    -153.3189191    
        68    -153.3189191    
        69    -153.3189191    
        70    -153.3189191    
        71    -153.3189191    
        72    -153.3189191    
        73    -153.3189191    
        74    -153.3189191    
        75    -153.4872163    
        76    -153.4901079    
        77    -153.4901079    
        78    -153.4901079    
        79    -153.4901092    
        80    -153.4901092    
        81    -153.4901092    
        82    -153.4901092    
        83    -153.4901092    
        84    -153.4901092    
        85    -153.4901092    
        86    -153.4901092    
        87    -153.4901092    
        88    -153.4901092    
        89    -153.4901092    
        90    -153.4901092    
        91    -153.4901092    
        92    -153.4901092    
        93    -153.4901092    
        94    -153.4901092    
        95    -153.4901092    
        96    -153.4901092    
        97    -153.4901092    
        98    -153.4901092    
        99    -153.4901092    
       100    -153.4901092    
