         1     -153.3017675415
         2     -153.3017658146
         3     -152.7983708379
         4     -153.3017813924
         5     -153.3017838083
         6     -153.3017808036
         7     -153.3017574201
         8     -153.3017611200
         9     -153.4255116337
        10     -152.1191532878
        11     -151.0422591298
        12     -152.1156390290
        13     -152.1216763262
        14     -152.1216666602
        15     -152.1216668602
        16     -152.1216796360
        17     -152.1216828840
        18     -152.1216744028
        19     -151.9986556101
        20     -151.9998002617
        21     -151.9997869298
        22     -151.9997927925
        23     -151.9997958115
        24     -151.9997931041
        25     -151.9997908295
        26     -151.9997941261
        27     -151.9936010348
        28     -151.9936106025
        29     -151.9997581865
        30     -151.9997975405
        31     -151.9997521175
        32     -151.9997967623
        33     -152.0034499486
        34     -151.9971582179
        35     -151.9972099511
        36     -152.1252553481
        37     -152.1252398490
        38     -152.1252039404
        39     -152.1252553498
        40     -152.1251955425
        41      -33.2121394411
        42      -18.8829791924
        43     -153.4314432985
        44     -153.4313857462
        45     -153.4314624452
        46     -153.0819215549
        47     -152.7953078143
        48     -153.0819249953
        49     -153.0819053841
        50     -153.4314377771
        51     -153.4314322517
        52     -153.4314467242
        53     -153.4314536141
        54     -150.1982206803
        55     -153.4314554066
        56     -153.4314426701
        57     -153.4314633496
        58     -153.4418887133
        59     -153.4419219467
        60     -153.4418973599
        61     -153.4419362949
        62     -153.4419333966
        63     -153.4419350885
        64     -152.0330566829
        65     -152.0330352681
        66     -152.0330544956
        67     -152.0330456396
        68     -152.0330511616
        69     -152.0330040669
        70     -152.0330505202
        71     -152.0330171064
        72     -152.1216407862
        73     -152.1216319360
        74     -152.1216905444
        75     -152.1216798519
        76     -151.9992527241
        77     -151.9997646952
        78     -150.6177650718
        79     -151.9997930155
        80     -151.9997806234
        81     -152.1216851825
        82     -152.1216845624
        83     -152.1216177307
        84     -152.1216834782
        85     -151.9997571782
        86     -151.9997826553
        87     -151.9997859283
        88     -151.9997871185
        89     -151.9997938963
        90     -151.9997940742
        91     -151.9997880808
        92     -151.9997961409
        93     -151.9997969470
        94     -152.1216905419
        95     -150.6537740574
        96     -150.6539283470
        97      -17.4292241884
        98     -150.6574075549
        99     -150.6607343742
       100     -150.6607563705
