         110
Energy of minimum      1=    -153.4419363     first found at step       58 after                39997 function calls
HH31        0.6945973501        1.1823724918       -1.0192520917
CH3         0.9954494701        2.1560120350       -1.4032904247
HH32        0.1803450691        2.8667357673       -1.2754869720
HH33        1.2411707547        2.0713030448       -2.4607948396
C           2.2080458822        2.6454709827       -0.6468807728
O           2.6932920245        1.9591549012        0.2510670915
N           2.6949699466        3.8307034943       -1.0089716231
H           2.2187457057        4.3282588113       -1.7482237381
CA          3.8550071431        4.4930827722       -0.3981888416
HA          3.9509701292        4.1625316139        0.6374763366
CB          5.1311510750        4.0834472465       -1.1566660032
HB2         5.2573865023        3.0026150840       -1.0762768008
HB3         5.0035531847        4.3184382052       -2.2148747647
CG          6.3981407531        4.7550339771       -0.6542180315
CD1         6.9319534575        5.8636436451       -1.3430902496
HD1         6.4593423969        6.2186148234       -2.2510354984
CE1         8.0728916841        6.5230022235       -0.8453100989
HE1         8.4839244600        7.3761473327       -1.3669536764
CZ          8.6866910372        6.0732758593        0.3430456064
OH          9.7870587002        6.7134219576        0.8200111257
HH         10.1117115616        6.3004483954        1.6303067745
CE2         8.1569834536        4.9577220649        1.0283727231
HE2         8.6268935088        4.6105938916        1.9384390764
CD2         7.0131295275        4.3024611668        0.5299310272
HD2         6.6036540239        3.4520886294        1.0622239253
C           3.6947699995        6.0244249977       -0.3868727431
O           3.0707343645        6.6000968200       -1.2838696953
N           4.2932159508        6.6856182106        0.6083090974
H           4.7974006331        6.1453131431        1.2979793908
CA          4.4522628716        8.1418057279        0.6812546926
HA          4.4816802750        8.5456580949       -0.3322466035
CB          3.2513605405        8.7616994718        1.4135137098
HB2         2.3349822324        8.4737148362        0.8959222460
HB3         3.1989818526        8.3507216144        2.4231968709
CG          3.2975175764       10.2771236256        1.4922284017
CD1         3.7035954678       10.9143121280        2.6821584482
HD1         3.9675250708       10.3248436767        3.5520500323
CE1         3.7745473538       12.3200628520        2.7415784781
HE1         4.0871562179       12.8145885010        3.6510205268
CZ          3.4390715138       13.0937478303        1.6098784991
OH          3.5104292704       14.4499630863        1.6714701742
HH          3.2548843763       14.8552704837        0.8326927841
CE2         3.0307896844       12.4549216531        0.4184705980
HE2         2.7729061551       13.0457230340       -0.4499666195
CD2         2.9615025570       11.0486860127        0.3620509589
HD2         2.6501168870       10.5603406448       -0.5538096235
C           5.7765495249        8.5074519708        1.3757977215
O           6.1841312699        7.8456334105        2.3355091418
N           6.4420969871        9.5656576910        0.9064944702
H           6.0471531438       10.0805483357        0.1311468728
CA          7.7192289784       10.0496968301        1.4407028416
HA2         7.5830455701       10.3591109627        2.4774614659
HA3         8.4509207859        9.2413214472        1.4210309991
C           8.2899604382       11.2350021441        0.6533751881
O           7.7078320728       11.6763984598       -0.3426638049
N           9.4354976220       11.7551362180        1.0978182766
H           9.8620461789       11.3463079374        1.9189535407
CA         10.1342111549       12.8882798877        0.4795060183
HA2         9.4771441139       13.7586203876        0.4711353438
HA3        10.3818787810       12.6413937590       -0.5534654085
C          11.4291315375       13.2691046956        1.2073895001
O          11.7952064200       12.6525165781        2.2131050839
N          12.1247976262       14.2886483566        0.6985177609
H          11.7536523887       14.7554263911       -0.1178115768
CA         13.3799858693       14.8172364329        1.2500785503
HA         13.4042276603       14.6315308401        2.3253488922
CB         14.5662091630       14.0786127330        0.6046567569
HB2        14.4718560027       13.0115085956        0.8122050647
HB3        14.5145459662       14.2052712275       -0.4781949048
CG         15.9284053449       14.5408202969        1.0917941412
CD1        16.7057804592       15.4112400970        0.3006667972
HD1        16.3457423770       15.7324466109       -0.6693379735
CE1        17.9489279238       15.8751473238        0.7736558432
HE1        18.5483025534       16.5451742002        0.1729245168
CZ         18.4199812978       15.4681064340        2.0401612203
OH         19.6219326952       15.9155076469        2.4911134141
HH         19.8251396656       15.5599946597        3.3657869331
CE2        17.6435913982       14.5915591576        2.8298386491
HE2        18.0038713990       14.2766548287        3.7996989162
CD2        16.3992109443       14.1312345774        2.3550537672
HD2        15.8029160709       13.4628548932        2.9648907263
C          13.4960281588       16.3380077285        1.0363680185
O          12.9710758832       16.8769873517        0.0568793445
N          14.2032158338       17.0254423701        1.9382454739
H          14.6264185165       16.5126547450        2.6997050233
CA         14.5487986227       18.4482961391        1.8387566323
HA         14.6291429178       18.7197032687        0.7847722936
CB         13.4320251349       19.2936470804        2.4736912079
HB2        12.4837402417       19.0403984525        1.9969769009
HB3        13.3450135823       19.0318385909        3.5296322133
CG         13.6380473342       20.7922505898        2.3443172405
CD1        13.4005381506       21.4283288169        1.1096547124
HD1        13.0566454821       20.8510091483        0.2595877175
CE1        13.6083358290       22.8155292263        0.9779891243
HE1        13.4273873212       23.3091724870        0.0329581106
CZ         14.0550087762       23.5718732402        2.0827695516
OH         14.2548480793       24.9101493530        1.9509607801
HH         14.5585540406       25.3048122070        2.7787284728
CE2        14.2923487600       22.9342997234        3.3202152167
HE2        14.6353389760       23.5115343010        4.1680564260
CD2        14.0835805582       21.5466697333        3.4486292334
HD2        14.2705250858       21.0604357161        4.3986541786
C          15.9084218903       18.7305384398        2.5054828237
O          16.2528707613       18.1039696573        3.5129756574
N          16.6753346994       19.6814443375        1.9574838015
H          16.3113208157       20.1696428586        1.1506913642
CH3        17.9942224268       20.0760682208        2.4522280391
HH31       18.4190446430       20.8499603210        1.8103235807
HH32       18.6651927129       19.2145012031        2.4582708429
HH33       17.9113396731       20.4667200512        3.4683579731
         110
Energy of minimum      2=    -153.4314634     first found at step        9 after                 6896 function calls
HH31        0.8193615348        0.9931651624       -0.8953563969
CH3         0.9345607300        2.0614515794       -1.0727385316
HH32        0.1959257064        2.6100812548       -0.4902600882
HH33        0.7925367615        2.2731320102       -2.1314598853
C           2.3206551023        2.4964397641       -0.6584401556
O           3.1132919104        1.6755079930       -0.1995251667
N           2.6110132168        3.7859187452       -0.8194264024
H           1.8888157979        4.3873171211       -1.1903665851
CA          3.8910893250        4.4165152065       -0.4712296884
HA          4.3576231600        3.8542640388        0.3395074233
CB          4.8281058797        4.3714402754       -1.6925381224
HB2         5.0078779363        3.3291334493       -1.9606327307
HB3         4.3269998519        4.8435879831       -2.5394603990
CG          6.1695826361        5.0510677539       -1.4750445000
CD1         6.3905301634        6.3538885553       -1.9673432387
HD1         5.6163687437        6.8607496485       -2.5308122919
CE1         7.6129804299        7.0070130135       -1.7156993969
HE1         7.7862435049        8.0075205544       -2.0870172860
CZ          8.6213442539        6.3572738603       -0.9725778996
OH          9.7991218586        6.9919780263       -0.7315792487
HH         10.4022659557        6.4349641038       -0.2231739284
CE2         8.4031663528        5.0492078868       -0.4866963636
HE2         9.1753306621        4.5489947300        0.0817084516
CD2         7.1776306415        4.3998183808       -0.7368337508
HD2         7.0095224228        3.3995078648       -0.3557063055
C           3.6979928224        5.8645699726        0.0152356572
O           2.7794020262        6.5615567473       -0.4272773115
N           4.5892083634        6.3281408680        0.8964486178
H           5.3211885794        5.7014104072        1.2017072401
CA          4.7186590534        7.7288322472        1.3116605640
HA          4.3744810007        8.3718175598        0.4997134165
CB          3.8366483835        7.9915130981        2.5427587960
HB2         2.8058751967        7.7270034550        2.3016578953
HB3         4.1587536301        7.3403417894        3.3572108396
CG          3.8596482964        9.4336281973        3.0166846812
CD1         4.6439387253        9.8034583577        4.1281425954
HD1         5.2201962901        9.0551936992        4.6591978883
CE1         4.6869916005       11.1476698378        4.5484346785
HE1         5.2903175358       11.4301700433        5.4004087346
CZ          3.9428543788       12.1274995589        3.8554118515
OH          3.9800346698       13.4265744581        4.2544648678
HH          4.5520088372       13.5431919060        5.0241070255
CE2         3.1570031712       11.7557007956        2.7435341139
HE2         2.5891014206       12.5102956762        2.2167368930
CD2         3.1166782395       10.4109680838        2.3253576055
HD2         2.5139166835       10.1295430047        1.4700340339
C           6.1911770536        8.0741536848        1.5983014709
O           6.9314751291        7.2528799231        2.1484297871
N           6.6156354584        9.2890610395        1.2421846892
H           5.9568986605        9.9253210304        0.8138157476
CA          7.9843659153        9.7808352078        1.4306521458
HA2         8.2129163051        9.8134530338        2.4964079935
HA3         8.6855512332        9.0950138290        0.9539836892
C           8.2066990556       11.1803325538        0.8453974120
O           7.2971443820       11.7768165917        0.2600001671
N           9.4214301386       11.7100264137        1.0008877468
H          10.1225980569       11.1686679703        1.4893963207
CA          9.8249517340       13.0334773993        0.5108048206
HA2         9.1857693940       13.7959494394        0.9573240062
HA3         9.6950560291       13.0743502153       -0.5712220858
C          11.2838844486       13.3779965978        0.8340472101
O          11.9993456410       12.5851453868        1.4546586051
N          11.7267682928       14.5647671223        0.4123829355
H          11.0777495345       15.1671224881       -0.0754377410
CA         13.0821320870       15.0893319963        0.6290533866
HA         13.4920266314       14.6544965013        1.5423903003
CB         13.9795994764       14.6729835911       -0.5501286054
HB2        13.9925199817       13.5838410343       -0.6156396157
HB3        13.5428881402       15.0495114424       -1.4768375421
CG         15.4137108295       15.1617297311       -0.4453921076
CD1        15.8363052436       16.2824023564       -1.1892551724
HD1        15.1466723951       16.7828324495       -1.8583493043
CE1        17.1541193448       16.7621502560       -1.0567719650
HE1        17.4832664681       17.6229424024       -1.6222481100
CZ         18.0551372506       16.1207633183       -0.1801885250
OH         19.3270467250       16.5850524876       -0.0581450345
HH         19.8371292856       16.0560098680        0.5684853880
CE2        17.6331045578       14.9946514815        0.5603975587
HE2        18.3227533659       14.5003545037        1.2309572152
CD2        16.3134075636       14.5186426600        0.4276647065
HD2        15.9903362275       13.6576072617        1.0007636382
C          13.0757151684       16.6195856264        0.8027457473
O          12.2230573836       17.3126531551        0.2387408010
N          14.0397253976       17.1482381319        1.5625319470
H          14.7190886240       16.5208749202        1.9708861101
CA         14.2909186235       18.5837427807        1.7359299226
HA         13.9840967795       19.1083308000        0.8294706898
CB         13.4519379163       19.1136945312        2.9107508170
HB2        12.4028802478       18.8726020037        2.7318992100
HB3        13.7529867696       18.5971032350        3.8237836390
CG         13.5601912279       20.6129134554        3.1243361119
CD1        12.8827838611       21.4948241183        2.2590324964
HD1        12.2737553046       21.1026248230        1.4531550047
CE1        12.9947174954       22.8874755536        2.4402323779
HE1        12.4768354774       23.5691345884        1.7794379446
CZ         13.7858378395       23.4029794184        3.4892781216
OH         13.8915333444       24.7475920318        3.6599752504
HH         14.4597439511       24.9644456330        4.4105127260
CE2        14.4641163899       22.5189384209        4.3567526253
HE2        15.0715156835       22.9114866302        5.1608973798
CD2        14.3501289980       21.1265409406        4.1728295810
HD2        14.8752035848       20.4515258538        4.8380889708
C          15.7911202573       18.8555414367        1.9556535580
O          16.4872856270       18.0500932395        2.5824572427
N          16.2884252102       19.9939334640        1.4562227586
H          15.6489038740       20.6154750833        0.9803481894
CH3        17.6865286351       20.4105733574        1.5643092057
HH31       17.8353438930       21.3606879130        1.0480140434
HH32       18.3374670665       19.6581451540        1.1141242389
HH33       17.9606330559       20.5327031043        2.6140469678
         110
Energy of minimum      3=    -153.3017865     first found at step        1 after                 1305 function calls
HH31        2.2642606189        1.2042278229       -0.8769712298
CH3         2.2981186482        2.2570742841       -1.1532666023
HH32        1.4784482638        2.7876801524       -0.6711305172
HH33        2.2077283233        2.3539440241       -2.2341533279
C           3.6114836989        2.8552456427       -0.7067480747
O           4.4404037777        2.1579209817       -0.1241379064
N           3.7993042203        4.1450609803       -0.9789250784
H           3.0536249113        4.6395689730       -1.4482541587
CA          4.9946970309        4.9211125463       -0.6235834398
HA          5.4541381412        4.4832982019        0.2642833506
CB          6.0097894056        4.8477102565       -1.7793628978
HB2         6.2960103207        3.8058238556       -1.9315026542
HB3         5.5261126281        5.1895830257       -2.6961441328
CG          7.2705016835        5.6657309308       -1.5552996761
CD1         7.4097536299        6.9311137548       -2.1618745452
HD1         6.6331276032        7.3089330905       -2.8159660786
CE1         8.5521982388        7.7150994000       -1.9079703120
HE1         8.6622617976        8.6878236202       -2.3668883450
CZ          9.5622694064        7.2342160100       -1.0479148838
OH         10.6625883462        7.9948166008       -0.8052740826
HH         11.2771279299        7.5463080793       -0.2105430164
CE2         9.4266425007        5.9632844152       -0.4470344709
HE2        10.2003869361        5.5923369309        0.2111849031
CD2         8.2807094931        5.1828580747       -0.6999892518
HD2         8.1751139062        4.2117307893       -0.2310532580
C           4.6459678354        6.3845686552       -0.2957400505
O           3.7014798664        6.9489614292       -0.8568291216
N           5.4344157440        7.0094363244        0.5837991789
H           6.1962793697        6.4845189012        0.9909781196
CA          5.4150918854        8.4489888986        0.8638153576
HA          5.0704271132        8.9780113465       -0.0264026469
CB          4.4352329754        8.7441151591        2.0106913826
HB2         3.4490764526        8.3640974773        1.7392689735
HB3         4.7584828180        8.2051557045        2.9029583263
CG          4.3027114948       10.2204433312        2.3389060506
CD1         4.9779432515       10.7642036177        3.4504866563
HD1         5.5807310403       10.1257146566        4.0852870121
CE1         4.8773155164       12.1402764257        3.7363199489
HE1         5.3971182275       12.5563056928        4.5886070849
CZ          4.0982242632       12.9775475285        2.9080201946
OH          3.9970417409       14.3063338641        3.1769257197
HH          4.5053601957       14.5472692856        3.9622062813
CE2         3.4216371873       12.4316525239        1.7961310403
HE2         2.8263337226       13.0775891279        1.1654010030
CD2         3.5248838430       11.0555138353        1.5126056367
HD2         3.0057701094       10.6402856595        0.6569151085
C           6.8304427480        8.9541926306        1.1973867583
O           7.6013824732        8.2602918437        1.8677044955
N           7.1707713094       10.1640563598        0.7463990483
H           6.4889393299       10.6935650484        0.2201046301
CA          8.4766964073       10.7956136597        0.9619878682
HA2         8.6315056430       10.9495458733        2.0303858000
HA3         9.2640967988       10.1355443071        0.5965655522
C           8.6151001236       12.1481982366        0.2535344497
O           7.6976665977       12.6002537622       -0.4390951183
N           9.7667405919       12.8001063192        0.4240102281
H          10.4785906146       12.3743190008        1.0030809403
CA         10.0856067031       14.1030211031       -0.1720315084
HA2         9.3550300010       14.8418749802        0.1591028758
HA3        10.0238588552       14.0294593722       -1.2583561189
C          11.4849672145       14.6098205472        0.1975635483
O          12.2240725119       13.9485268021        0.9338094991
N          11.8502605599       15.7873924239       -0.3145655964
H          11.1849670589       16.2784724624       -0.8961594500
CA         13.1380565204       16.4532191950       -0.0747137151
HA         13.5240323269       16.1445602629        0.8984302260
CB         14.1417896303       16.0139473437       -1.1550889918
HB2        14.2379318527       14.9273969062       -1.1251023066
HB3        13.7430867527       16.2778267325       -2.1362456299
CG         15.5271852249       16.6172333225       -1.0045768385
CD1        15.9257352809       17.6921462448       -1.8253627307
HD1        15.2506928773       18.0793271103       -2.5792195495
CE1        17.2006122484       18.2704406855       -1.6656014537
HE1        17.5050389230       19.0944741541       -2.2963167791
CZ         18.0822628000       17.7723696686       -0.6813639995
OH         19.3172288888       18.3195179228       -0.5267357956
HH         19.4664121029       19.0383279890       -1.1541219703
CE2        17.6826140063       16.6952253347        0.1386571284
HE2        18.3628918547       16.3169004886        0.8892657065
CD2        16.4066896916       16.1199480751       -0.0227088790
HD2        16.1031946657       15.2938754842        0.6093967832
C          12.9853678277       17.9854040005       -0.0526396701
O          12.1162993534       18.5394342630       -0.7333241733
N          13.8386463425       18.6713589710        0.7138710231
H          14.5440776154       18.1539342143        1.2203741544
CA         13.9202162867       20.1351349108        0.7896748639
HA         13.6311458137       20.5557183253       -0.1749711389
CB         12.9380614825       20.6470840623        1.8571519188
HB2        11.9395440940       20.2724628820        1.6264107355
HB3        13.2227247788       20.2363410846        2.8274088086
CG         12.8597440091       22.1600634700        1.9568074520
CD1        13.4903983982       22.8362201833        3.0207126305
HD1        14.0255491528       22.2776830067        3.7792736680
CE1        13.4311055163       24.2417085769        3.0981320987
HE1        13.9140900973       24.7660552530        3.9112562128
CZ         12.7401446702       24.9762273854        2.1107272108
OH         12.6861821687       26.3324124224        2.1892339288
HH         12.1844208390       26.7088339882        1.4545649399
CE2        12.1078898720       24.2983011597        1.0453832959
HE2        11.5768416010       24.8588818903        0.2880578446
CD2        12.1689128809       22.8925120151        0.9708732673
HD2        11.6818644080       22.3741401621        0.1533128894
C          15.3589964868       20.5940061797        1.0936926717
O          16.0984360171       19.9059832157        1.8049966792
N          15.7537993554       21.7621634178        0.5718233506
H          15.0811824620       22.2805766251        0.0234322862
CH3        17.0762711291       22.3573684799        0.7637724455
HH31       17.8515406080       21.6667745682        0.4259305650
HH32       17.1562089274       23.2844949572        0.1932160535
HH33       17.2367480424       22.5788314848        1.8207698416
         110
Energy of minimum      4=    -153.0819266     first found at step       46 after                31534 function calls
HH31        1.0699102079        1.1362068663       -0.2602072990
CH3         1.1938450534        2.1639882909       -0.5982550460
HH32        0.4934710714        2.8091418897       -0.0699469533
HH33        1.0040457722        2.2215166824       -1.6690191206
C           2.6053689708        2.6224904408       -0.3163291828
O           3.4057830324        1.8593741507        0.2219824616
N           2.9086479573        3.8673311441       -0.6788119724
H           2.1791620547        4.4246234912       -1.1008569796
CA          4.2141527856        4.5124473614       -0.4859822136
HA          4.7107192732        4.0623907031        0.3753570788
CB          5.0876856699        4.2688026102       -1.7294796393
HB2         5.2179575198        3.1936886535       -1.8628975962
HB3         4.5617830750        4.6441863974       -2.6091367216
CG          6.4620266382        4.9125240158       -1.6647927413
CD1         6.7187680183        6.1065588022       -2.3695698615
HD1         5.9425565966        6.5559245401       -2.9774317625
CE1         7.9823690756        6.7235996150       -2.2818957996
HE1         8.1775026079        7.6387182006       -2.8241147142
CZ          8.9952108585        6.1453193324       -1.4859266990
OH         10.2194656540        6.7306671536       -1.4027326911
HH         10.2684194790        7.5274537012       -1.9458548605
CE2         8.7374667346        4.9495625790       -0.7815301587
HE2         9.5176366187        4.5107853421       -0.1748278533
CD2         7.4726352127        4.3351660827       -0.8708942236
HD2         7.2783532811        3.4181950805       -0.3273621216
C           4.0655459906        6.0190273501       -0.2056480464
O           3.1362738789        6.6633332706       -0.7024921357
N           4.9960504441        6.5854586524        0.5684589119
H           5.7404402807        5.9992491100        0.9207659014
CA          5.1170977771        8.0234509360        0.8336902130
HA          4.7493236466        8.5755986502       -0.0329173321
CB          4.2541004845        8.3982653475        2.0502834304
HB2         3.2232568257        8.0962006537        1.8588138070
HB3         4.6020229526        7.8369000114        2.9191715893
CG          4.2602090190        9.8807451362        2.3780310492
CD1         5.0402165947       10.3688561403        3.4460791026
HD1         5.6243752916        9.6841496596        4.0493107631
CE1         5.0691392980       11.7489419490        3.7287227155
HE1         5.6692888654       12.1221359185        4.5473830878
CZ          4.3148478118       12.6460989009        2.9411902753
OH          4.3381690773       13.9790460287        3.2075008117
HH          4.9085436783       14.1785657258        3.9611147423
CE2         3.5327610984       12.1559140415        1.8734237253
HE2         2.9567791361       12.8475905164        1.2740470697
CD2         3.5066454552       10.7755651304        1.5928234005
HD2         2.9066842875       10.4031104966        0.7709802130
C           6.5883462491        8.4187504130        1.0576364029
O           7.3694838731        7.6411710871        1.6145066596
N           6.9653411170        9.6319816968        0.6462060553
H           6.2744851303       10.2312375842        0.2146811834
CA          8.3132719087       10.1866720763        0.8086028840
HA2         8.5597834169       10.2284155634        1.8701254922
HA3         9.0372834109        9.5354806926        0.3178183810
C           8.4571032672       11.5967484771        0.2234988352
O           7.5319226990       12.1219995505       -0.4039286078
N           9.6217708025       12.2154301056        0.4263581475
H          10.3394245704       11.7296578553        0.9482450249
CA          9.9456503416       13.5645809866       -0.0528027476
HA2         9.2305159650       14.2771969570        0.3596126239
HA3         9.8627698310       13.5928517948       -1.1398386018
C          11.3577575546       14.0202244683        0.3345141657
O          12.1041472053       13.2836675007        0.9872271303
N          11.7257668097       15.2386465723       -0.0684547556
H          11.0544077846       15.7900649418       -0.5854080715
CA         13.0253748319       15.8661509805        0.2079275500
HA         13.4266159937       15.4622146619        1.1391216435
CB         14.0041158175       15.5234325121       -0.9295555166
HB2        14.1043529093       14.4387275110       -0.9932499721
HB3        13.5812945002       15.8671971942       -1.8752443077
CG         15.3899121030       16.1216093038       -0.7614097771
CD1        15.7570953703       17.2734472869       -1.4868555310
HD1        15.0612663113       17.7205296945       -2.1866054026
CE1        17.0265223833       17.8535688341       -1.2961776903
HE1        17.3128280503       18.7386376997       -1.8473101668
CZ         17.9345666773       17.2818416895       -0.3795573949
OH         19.1599373734       17.8430180798       -0.2013442302
HH         19.6810509865       17.3535994548        0.4479993115
CE2        17.5685098910       16.1246337232        0.3426468013
HE2        18.2638155174       15.6836662480        1.0438558120
CD2        16.2969289910       15.5480941202        0.1516318507
HD2        16.0163572231       14.6632361017        0.7106543872
C          12.8925797152       17.3908841279        0.3795188127
O          12.0147549870       18.0171172719       -0.2227479044
N          13.7778317883       17.9908496879        1.1810385694
H          14.4849128005       17.4170643075        1.6199917536
CA         13.9089334730       19.4410851421        1.3639850426
HA         13.6030956169       19.9425022259        0.4441782135
CB         12.9797947785       19.9015357255        2.4996039422
HB2        11.9616276302       19.5802568508        2.2743243725
HB3        13.2789757812       19.4076320822        3.4257118923
CG         12.9617827852       21.4041123502        2.7162458780
CD1        12.2572989020       22.2329361460        1.8206168663
HD1        11.7171032723       21.7966490936        0.9887418044
CE1        12.2526656318       23.6296304510        2.0051811456
HE1        11.7134746773       24.2706806846        1.3211944929
CZ         12.9538052963       24.2023816624        3.0879884751
OH         12.9471542631       25.5507237415        3.2618309301
HH         13.4627685259       25.8091654242        4.0367794249
CE2        13.6592250522       23.3714963575        3.9858273344
HE2        14.1978487777       23.8080104949        4.8158977042
CD2        13.6619146575       21.9749025331        3.7984508446
HD2        14.2075559996       21.3410247405        4.4872128717
C          15.3722314115       19.8278512896        1.6502208112
O          16.1001333271       19.0772528405        2.3082755293
N          15.8015031755       21.0026178036        1.1723826544
H          15.1375533654       21.5738831212        0.6678186982
CH3        17.1568526483       21.5261511400        1.3424000053
HH31       17.2543921393       22.4862253381        0.8323332841
HH32       17.8836356167       20.8275886017        0.9224805836
HH33       17.3735553613       21.6665597863        2.4032128124
         110
Energy of minimum      5=    -152.9588522     first found at step        0 after                  645 function calls
HH31        2.0583410447        1.2612466436        0.1463612555
CH3         2.1710231525        2.2219063984       -0.3540449339
HH32        1.3702541226        2.8914638885       -0.0436934745
HH33        2.1275401829        2.0789786662       -1.4327246123
C           3.5029943639        2.8314732178        0.0152614583
O           4.2623654561        2.2377439818        0.7792179493
N           3.7844901151        4.0151293662       -0.5257732227
H           3.0905578265        4.4323609097       -1.1301093842
CA          5.0136312878        4.7842625387       -0.2905122213
HA          5.4108608908        4.5297533936        0.6935957039
CB          6.0620508081        4.3992901539       -1.3494362577
HB2         6.2682203690        3.3308491096       -1.2683864453
HB3         5.6424475895        4.5750670019       -2.3415646175
CG          7.3770095725        5.1503177651       -1.2302120936
CD1         7.6624411247        6.2214670014       -2.1017132192
HD1         6.9538226580        6.4970922659       -2.8736071201
CE1         8.8661864315        6.9415644794       -1.9691565920
HE1         9.0836126138        7.7620174761       -2.6393081174
CZ          9.7900026729        6.5903237987       -0.9606836878
OH         10.9571921877        7.2754404474       -0.8317002089
HH         11.0366633329        7.9680909554       -1.4996572539
CE2         9.5037260295        5.5173391666       -0.0893685696
HE2        10.2158394913        5.2522200245        0.6799718657
CD2         8.2988511533        4.7994517395       -0.2242062977
HD2         8.0821893583        3.9774725594        0.4476689437
C           4.7453823375        6.3002320529       -0.3087960760
O           3.8593639775        6.7743219516       -1.0269475867
N           5.5279929855        7.0628534200        0.4605244639
H           6.2478773818        6.6063938704        1.0039299124
CA          5.5322276681        8.5300369592        0.4738525454
HA          5.2574213430        8.8939955611       -0.5176862204
CB          4.4907715156        9.0399513424        1.4841532363
HB2         3.5142359761        8.6294460312        1.2226077034
HB3         4.7461245467        8.6657582330        2.4770893420
CG          4.3703111388       10.5525671438        1.5359804706
CD1         4.9679587702       11.2770962919        2.5872967634
HD1         5.5002689242       10.7545612260        3.3731440023
CE1         4.8819005800       12.6831897907        2.6165451543
HE1         5.3422996541       13.2377934743        3.4228363771
CZ          4.1950310322       13.3692244369        1.5910599918
OH          4.1082697927       14.7257781017        1.6122150800
HH          4.5577058709       15.0963024910        2.3827912210
CE2         3.5954007741       12.6425445263        0.5401336164
HE2         3.0702666553       13.1732300527       -0.2421902798
CD2         3.6839689731       11.2367648613        0.5132782257
HD2         3.2241565202       10.6823531810       -0.2962290960
C           6.9347120643        9.0722875309        0.8054964997
O           7.6733343202        8.4660511553        1.5876880262
N           7.2974896453       10.2222936880        0.2317297722
H           6.6407016348       10.6821100289       -0.3845506032
CA          8.5777034728       10.9008024573        0.4589927514
HA2         8.6731611756       11.1439583680        1.5178148379
HA3         9.3970529043       10.2337405528        0.1891655055
C           8.7228953965       12.1959280648       -0.3490409496
O           7.8654593095       12.5308474691       -1.1725371695
N           9.8126541661       12.9299809369       -0.1167493588
H          10.4772277439       12.5993308598        0.5705509183
CA         10.1246432744       14.1977025725       -0.7877499838
HA2        10.1909900909       14.0317335137       -1.8635600754
HA3         9.3213006254       14.9121439406       -0.6046112503
C          11.4425854339       14.8229798208       -0.3147581452
O          12.1313652041       14.2708428767        0.5491655205
N          11.7948298788       15.9790257956       -0.8820923480
H          11.1717517976       16.3785956628       -1.5706739973
CA         13.0073059506       16.7452688792       -0.5626411387
HA         13.2990235886       16.5388328320        0.4686411084
CB         14.1492349948       16.2915434131       -1.4888025372
HB2        14.3037436198       15.2193303401       -1.3575784182
HB3        13.8483364044       16.4518923000       -2.5256309867
CG         15.4720732904       16.9952786941       -1.2422528062
CD1        15.8973700131       18.0278952365       -2.1029480486
HD1        15.2897015902       18.3102109741       -2.9543761118
CE1        17.1109653756       18.7001515421       -1.8569480551
HE1        17.4360682726       19.4915761196       -2.5183595795
CZ         17.9042192982       18.3389820490       -0.7459080650
OH         19.0805848532       18.9772134358       -0.5066447408
HH         19.2573626067       19.6539005747       -1.1725296532
CE2        17.4780490521       17.3040111494        0.1140972359
HE2        18.0907632514       17.0306078488        0.9621263865
CD2        16.2634174110       16.6345657609       -0.1338546272
HD2        15.9391965398       15.8412890347        0.5292112120
C          12.7653283696       18.2610864128       -0.6856609663
O          11.9476732720       18.7021305448       -1.4995874266
N          13.4864549608       19.0591553949        0.1075728117
H          14.1592073546       18.6302379995        0.7283306401
CA         13.4748628787       20.5265972126        0.0685386608
HA         13.2723232312       20.8514533038       -0.9534398849
CB         12.3512761964       21.0531690640        0.9776675154
HB2        11.4080851679       20.5967497507        0.6732193037
HB3        12.5480917506       20.7380703557        2.0038830935
CG         12.1760050002       22.5608546023        0.9411785534
CD1        12.6458154022       23.3573609068        2.0051574310
HD1        13.1247091397       22.8945776624        2.8597906680
CE1        12.4993985008       24.7580879884        1.9592585351
HE1        12.8615020306       25.3679148979        2.7757555126
CZ         11.8805879688       25.3665965042        0.8453134722
OH         11.7363786097       26.7174497412        0.7935322251
HH         12.0991253266       27.1415502404        1.5820425816
CE2        11.4099196637       24.5679679427       -0.2190013699
HE2        10.9359700599       25.0392790141       -1.0691486213
CD2        11.5577876359       23.1677666702       -0.1700690878
HD2        11.1941806826       22.5577289921       -0.9885005487
C          14.8416655874       21.1019345196        0.4855932024
O          15.5351090727       20.5210309742        1.3268935800
N          15.2244535609       22.2504314640       -0.0864544117
H          14.5887435700       22.6795521456       -0.7449700285
CH3        16.4803580652       22.9453560009        0.1960395950
HH31       17.3272842629       22.2841595337        0.0020441619
HH32       16.5701165439       23.8294184036       -0.4378877272
HH33       16.5080261299       23.2571557298        1.2420094106
         110
Energy of minimum      6=    -152.7983708     first found at step        3 after                 2835 function calls
HH31        2.4847897150        1.6933036994       -0.1929868051
CH3         2.5858392648        2.6566919785       -0.6906241724
HH32        1.6942179587        3.2556248079       -0.5113258455
HH33        2.7110870247        2.5031180422       -1.7614173599
C           3.7932718780        3.3831316328       -0.1460995204
O           4.4823751934        2.8634633839        0.7301906210
N           4.0474913320        4.5831691678       -0.6640414874
H           3.4151424127        4.9337711120       -1.3697733557
CA          5.1595416119        5.4581952894       -0.2701452166
HA          5.4298437538        5.2481744611        0.7661483480
CB          6.3809980241        5.1581975409       -1.1587744922
HB2         6.6783127799        4.1189272900       -1.0100526129
HB3         6.0912379017        5.2671824536       -2.2054220740
CG          7.5834903595        6.0466606057       -0.8876189207
CD1         7.8550657006        7.1455514013       -1.7285878631
HD1         7.2263319518        7.3400094761       -2.5891724300
CE1         8.9361234655        8.0029498146       -1.4448808277
HE1         9.1465704473        8.8492481699       -2.0839187698
CZ          9.7524995022        7.7620551144       -0.3194256954
OH         10.7944595758        8.5924392631       -0.0495286482
HH         11.2758292472        8.3096063057        0.7383706305
CE2         9.4852287006        6.6569069044        0.5183713301
HE2        10.1106194227        6.4697685794        1.3805809573
CD2         8.4006055793        5.8030890505        0.2340911891
HD2         8.1928065945        4.9605600066        0.8830154795
C           4.7720126282        6.9456236464       -0.3597508266
O           3.9648442183        7.3372525092       -1.2085821320
N           5.3791166116        7.7786802016        0.4906086810
H           6.0372156144        7.3844033021        1.1487721902
CA          5.3244290579        9.2428026280        0.4245375487
HA          5.1671890519        9.5449039882       -0.6123627468
CB          4.1435386860        9.7583919456        1.2621666473
HB2         3.2251958796        9.2917490946        0.9022996031
HB3         4.2811006857        9.4497859746        2.2999303256
CG          3.9643720254       11.2649106323        1.2082563828
CD1         4.4228183788       12.0730339199        2.2684129982
HD1         4.8927414246       11.6194347128        3.1329368197
CE1         4.2764407914       13.4730680988        2.2058507828
HE1         4.6292331613       14.0919254813        3.0196014645
CZ          3.6690050476       14.0690272726        1.0789324063
OH          3.5220980494       15.4188448656        1.0123977365
HH          3.8749890055       15.8511498221        1.8007301126
CE2         3.2105394956       13.2587971262        0.0180916704
HE2         2.7459621583       13.7207046371       -0.8422747073
CD2         3.3590731791       11.8593465158        0.0833612305
HD2         3.0066957781       11.2404696398       -0.7332856689
C           6.6541354444        9.8541514773        0.9012859488
O           7.2569857389        9.3682176338        1.8633908179
N           7.1083285961       10.9229922912        0.2423201115
H           6.5611067756       11.2866022930       -0.5261143176
CA          8.3636678698       11.6168338810        0.5484165302
HA2         8.2918718672       12.0761656030        1.5347692072
HA3         9.1811634037       10.8953970447        0.5689056787
C           8.7119062955       12.7091776136       -0.4693099411
O           7.9592524766       12.9593504448       -1.4162909471
N           9.8601255568       13.3613658773       -0.2789205637
H          10.4339584463       13.1027610442        0.5128691557
CA         10.3626637773       14.4368049483       -1.1415794913
HA2        10.4962270028       14.0584487120       -2.1555806749
HA3         9.6296498182       15.2438358481       -1.1745441334
C          11.6986372292       15.0179912935       -0.6637010840
O          12.2922426501       14.5284629640        0.3024231583
N          12.1662517111       16.0707746336       -1.3378237264
H          11.6160537830       16.4194165702       -2.1104529304
CA         13.3756049394       16.8302328780       -0.9931190749
HA         13.6596986220       16.5999283063        0.0349917415
CB         14.5324873606       16.4057669934       -1.9099630947
HB2        14.6748434018       15.3275991554       -1.8197116395
HB3        14.2603347706       16.6137991302       -2.9461705813
CG         15.8500017260       17.0894769513       -1.5926955125
CD1        16.2903250816       18.1783469982       -2.3721948172
HD1        15.6959011211       18.5218010230       -3.2104532068
CE1        17.5018878278       18.8272008988       -2.0615642288
HE1        17.8382340533       19.6628613345       -2.6599964330
CZ         18.2772947799       18.3866381969       -0.9666382810
OH         19.4489522011       19.0056517262       -0.6624968088
HH         19.6327796449       19.7320563748       -1.2720507892
CE2        17.8358071465       17.2954182171       -0.1877585545
HE2        18.4344330999       16.9616536038        0.6486998307
CD2        16.6236178151       16.6492042953       -0.5005282117
HD2        16.2874058352       15.8125482323        0.1003637281
C          13.1083707677       18.3425347561       -1.0726437138
O          12.3816815052       18.8012151387       -1.9602224465
N          13.6809295412       19.1114728073       -0.1403131477
H          14.3329376933       18.6819500152        0.4999765539
CA         13.3327443697       20.5172190555        0.1117657195
HA         12.8747444799       20.9398457634       -0.7838979736
CB         12.3033053192       20.5901506196        1.2570084960
HB2        12.7998716131       20.3228807082        2.1914994842
HB3        11.9625693908       21.6218231662        1.3573829729
CG         11.0869375145       19.6933713216        1.0791632652
CD1        10.0303187884       20.0926211177        0.2365446577
HD1        10.0710595470       21.0522308886       -0.2641819309
CE1         8.9286161147       19.2383690367        0.0284472379
HE1         8.1221082798       19.5436109773       -0.6241377660
CZ          8.8833687245       17.9775928564        0.6630912431
OH          7.8317029522       17.1420118794        0.4558431401
HH          7.1803839836       17.5349339447       -0.1389369949
CE2         9.9367837877       17.5815265298        1.5139189724
HE2         9.8959337140       16.6160361853        1.9986754744
CD2        11.0339904003       18.4396287288        1.7233197256
HD2        11.8446192490       18.1272912172        2.3701324405
C          14.5711384172       21.3668545233        0.4477654881
O          15.5521395504       20.8616658852        1.0029982593
N          14.5183560857       22.6686307213        0.1392974356
H          13.6767991199       23.0110293198       -0.3047035630
CH3        15.5904468736       23.6309358217        0.3962281910
HH31       16.5014440917       23.3254689043       -0.1225991813
HH32       15.2983162470       24.6212912206        0.0418215047
HH33       15.7964245918       23.6864037612        1.4671458448
         110
Energy of minimum      7=    -152.1252554     first found at step       10 after                 7638 function calls
HH31        0.7706069644        1.2797620667       -0.6898288669
CH3         1.0112017521        2.2325579568       -1.1591461769
HH32        0.2510489612        2.9686343316       -0.9018348590
HH33        1.0455577949        2.1085172511       -2.2404868553
C           2.3571121723        2.7123058870       -0.6688953487
O           2.9929638539        2.0413955838        0.1424471727
N           2.7887891318        3.8721862032       -1.1600784611
H           2.1888529069        4.3591748793       -1.8110374868
CA          4.0579636639        4.5217633089       -0.8073330507
HA          4.3488310053        4.2127990414        0.1981519771
CB          5.1518390464        4.0634860431       -1.7878539928
HB2         5.2462968029        2.9780612477       -1.7279923658
HB3         4.8399941701        4.3076537664       -2.8048947139
CG          6.5164678198        4.6774332970       -1.5287351621
CD1         6.9682181129        5.7567852597       -2.3153336964
HD1         6.3545747413        6.1346528449       -3.1242812206
CE1         8.2145243556        6.3550311925       -2.0449694570
HE1         8.5651695907        7.1847984163       -2.6430203815
CZ          9.0147380086        5.8739242751       -0.9867307301
OH         10.2180796251        6.4527983944       -0.7312606934
HH         10.6630493725        6.0275081202        0.0129766132
CE2         8.5647594346        4.7884124123       -0.2031440312
HE2         9.1775503007        4.4168467295        0.6067784779
CD2         7.3162598862        4.1938270746       -0.4743643329
HD2         6.9704355214        3.3649597491        0.1318715736
C           3.9273932770        6.0557802787       -0.8053125440
O           3.1471905874        6.6225252855       -1.5769743058
N           4.7069650270        6.7271936353        0.0466772907
H           5.3438908941        6.1982035783        0.6263186988
CA          4.8288622144        8.1877869115        0.1218315478
HA          4.6903039913        8.6009831447       -0.8789190682
CB          3.7288721445        8.7695528769        1.0302581176
HB2         3.7982617358        9.8581450331        1.0054674775
HB3         2.7563902849        8.5107830349        0.6086178882
CG          3.7649022803        8.3134983364        2.4808530199
CD1         3.0759153106        7.1472803571        2.8722102037
HD1         2.5217159570        6.5749539390        2.1384610736
CE1         3.1050919724        6.7221988493        4.2152975973
HE1         2.5776245259        5.8258619830        4.5120667100
CZ          3.8225408777        7.4687958646        5.1753926192
OH          3.8553095447        7.0658047039        6.4734516614
HH          3.3481933236        6.2540155167        6.6038228522
CE2         4.5057763963        8.6405783325        4.7855525080
HE2         5.0512016477        9.2099046330        5.5256859151
CD2         4.4752781187        9.0620479401        3.4414290270
HD2         5.0007331276        9.9628389392        3.1487105228
C           6.2328203965        8.6039324419        0.5999858022
O           6.9255391136        7.8382199457        1.2774251470
N           6.6542410051        9.8237547494        0.2566221575
H           6.0431143898       10.4087251674       -0.2977855067
CA          7.9631909116       10.3834372802        0.6135973432
HA2         8.0560554780       10.4255273732        1.6993493325
HA3         8.7513882653        9.7336372577        0.2314139590
C           8.1888685994       11.7937768593        0.0553517445
O           7.3163773329       12.3601213600       -0.6110977332
N           9.3633207188       12.3665493450        0.3258563563
H          10.0346452523       11.8482121787        0.8772374259
CA          9.7624352517       13.7067637472       -0.1206848359
HA2         9.0573687900       14.4430456189        0.2667027286
HA3         9.7321694596       13.7498987571       -1.2099766479
C          11.1716394505       14.1014539190        0.3377875079
O          11.8553798022       13.3302749936        1.0185598761
N          11.6076918938       15.3066810666       -0.0359550016
H          10.9847967462       15.8888373029       -0.5792059460
CA         12.9170056406       15.8783636441        0.3076058198
HA         13.2564246285       15.4517244402        1.2531497776
CB         13.9343718483       15.5038379235       -0.7850847611
HB2        13.9934223974       14.4164120567       -0.8536911962
HB3        13.5716157256       15.8712898289       -1.7466807565
CG         15.3336760685       16.0435218038       -0.5458821253
CD1        15.7816305749       17.1844074781       -1.2426916461
HD1        15.1388229558       17.6645280711       -1.9706987318
CE1        17.0629761237       17.7106705312       -0.9866733039
HE1        17.4110337466       18.5871103404       -1.5156099291
CZ         17.9021331593       17.0957952809       -0.0330732277
OH         19.1393356895       17.6050235308        0.2082337528
HH         19.6084602079       17.0901145723        0.8772090667
CE2        17.4552423867       15.9495187462        0.6605012518
HE2        18.0977009550       15.4755197113        1.3899996317
CD2        16.1719084460       15.4269260670        0.4040757324
HD2        15.8291984694       14.5504095751        0.9411696865
C          12.8382712387       17.4060160416        0.4864279712
O          12.0165055413       18.0720126849       -0.1512442125
N          13.7078115816       17.9634582931        1.3344979853
H          14.3690958297       17.3580211681        1.8014255911
CA         13.8889929394       19.4057629290        1.5364175422
HA         13.6481908369       19.9257407766        0.6076347010
CB         12.9261274643       19.8961039283        2.6306729861
HB2        11.9076568295       19.6185657737        2.3544019113
HB3        13.1602759838       19.3838514896        3.5654980107
CG         12.9590341984       21.3965997802        2.8596390874
CD1        12.3325966062       22.2599437581        1.9389813293
HD1        11.8155004612       21.8520718655        1.0785001757
CE1        12.3760710759       23.6543226228        2.1355989437
HE1        11.8968136637       24.3217765029        1.4325140159
CZ         13.0473429742       24.1901627953        3.2555911680
OH         13.0873433088       25.5363893513        3.4409734455
HH         13.5753746832       25.7679744028        4.2418418976
CE2        13.6745247397       23.3247047259        4.1784821692
HE2        14.1901440978       23.7328777595        5.0370908425
CD2        13.6292499399       21.9305260794        3.9789632610
HD2        14.1150042785       21.2699370557        4.6871899285
C          15.3514655166       19.7300181993        1.8952903090
O          16.0158500016       18.9455827462        2.5805127728
N          15.8506339125       20.8894070775        1.4488292573
H          15.2354218090       21.4909712935        0.9183643324
CH3        17.2165130233       21.3555467414        1.6876857965
HH31       17.3773926947       22.3143054449        1.1913756551
HH32       17.9334671119       20.6305996380        1.2965791472
HH33       17.3877717037       21.4795679901        2.7588009519
         110
Energy of minimum      8=    -152.0330567     first found at step       64 after                44404 function calls
HH31        0.3415975950        1.8492959270       -2.3125461876
CH3         0.8192600533        2.7793844778       -2.6170427629
HH32        0.0683127571        3.5627114216       -2.7083968464
HH33        1.3154307196        2.6381115697       -3.5760540778
C           1.8412401899        3.1858944799       -1.5814637404
O           2.0179447038        2.4898138537       -0.5829258751
N           2.5112673678        4.3115593127       -1.8191140589
H           2.2859906470        4.8235807505       -2.6603709792
CA          3.5306890511        4.8935849225       -0.9365656277
HA          3.3378989487        4.5763054104        0.0896823831
CB          4.9195852751        4.3732503084       -1.3489608028
HB2         4.9403507886        3.2891446552       -1.2269299337
HB3         5.0757539383        4.5847308904       -2.4082864199
CG          6.0690505911        4.9711418445       -0.5554657326
CD1         6.8328458624        6.0231147055       -1.1016619229
HD1         6.6217363664        6.3866060757       -2.1001740875
CE1         7.8639133566        6.6147830503       -0.3460986989
HE1         8.4502169034        7.4240284719       -0.7586242925
CZ          8.1361272619        6.1545068300        0.9597170909
OH          9.1315222808        6.7297267864        1.6853154254
HH          9.2168432505        6.3183749731        2.5548373435
CE2         7.3764551334        5.0953241178        1.5038072027
HE2         7.5849657574        4.7399934813        2.5036922760
CD2         6.3436144094        4.5072305819        0.7463418649
HD2         5.7570743490        3.7000582450        1.1688843170
C           3.4918491218        6.4320029281       -0.9657651660
O           3.2133032617        7.0322205180       -2.0085534050
N           3.8168431942        7.0613591159        0.1685459678
H           4.0739749113        6.4951117782        0.9646455048
CA          3.9625300567        8.5132416870        0.3276995320
HA          4.0947982551        8.9733041424       -0.6529708851
CB          2.6987943706        9.1086506691        0.9728795649
HB2         2.5739906594        8.6786733179        1.9682479197
HB3         2.8499394137       10.1813598510        1.1042348670
CG          1.4170711228        8.9029059543        0.1828464777
CD1         1.1042179497        9.7629051513       -0.8888560240
HD1         1.7762682236       10.5717090417       -1.1487275127
CE1        -0.0805329396        9.5702786600       -1.6269416859
HE1        -0.3247017964       10.2260022788       -2.4514058074
CZ         -0.9568484149        8.5147033332       -1.2951809295
OH         -2.0980110681        8.3316585180       -2.0112608463
HH         -2.6056066257        7.5794218065       -1.6802192907
CE2        -0.6455663494        7.6548465085       -0.2191183105
HE2        -1.3163082335        6.8463944951        0.0380104810
CD2         0.5390663170        7.8516540492        0.5180727064
HD2         0.7765370490        7.1899945034        1.3422165894
C           5.2038847096        8.8359229571        1.1766044937
O           5.4551965887        8.1814182844        2.1930065191
N           5.9712424526        9.8537336797        0.7795604558
H           5.7101420322       10.3611060149       -0.0553872919
CA          7.2067284410       10.2723547898        1.4519655153
HA2         6.9718550505       10.6235793164        2.4572293321
HA3         7.8779826098        9.4172297664        1.5404906875
C           7.9483372177       11.3911571670        0.7108545579
O           7.4794568885       11.8920242583       -0.3164158955
N           9.1120981835       11.7869451937        1.2299328323
H           9.4400106149       11.3351276302        2.0735667207
CA          9.9658250640       12.8381418025        0.6635133157
HA2         9.4088023913       13.7747831024        0.6221031114
HA3        10.2476192405       12.5668288416       -0.3544853804
C          11.2478336762       13.0752793620        1.4709904154
O          11.4812523199       12.4243336796        2.4944371618
N          12.0817413620       14.0105200580        1.0102153376
H          11.8151049123       14.5136202341        0.1748580869
CA         13.3516131593       14.3982135212        1.6397133667
HA         13.2893674765       14.2134730450        2.7136200747
CB         14.4860793591       13.5313222314        1.0645925063
HB2        14.2617641528       12.4817072839        1.2612668645
HB3        14.5150186357       13.6603716689       -0.0188226823
CG         15.8587185420       13.8410640678        1.6359469127
CD1        16.7744872745       14.6182299102        0.8975654235
HD1        16.5121380067       14.9750268796       -0.0911610135
CE1        18.0300812452       14.9428105687        1.4475432063
HE1        18.7354736387       15.5409669272        0.8874584205
CZ         18.3749426734       14.4891196559        2.7386064937
OH         19.5891908513       14.8018048454        3.2640035889
HH         19.6979982104       14.4280426638        4.1478584486
CE2        17.4595642718       13.7057483463        3.4755723638
HE2        17.7228589825       13.3551885687        4.4641973110
CD2        16.2032525160       13.3848619362        2.9237432543
HD2        15.5005399900       12.7880248594        3.4931121912
C          13.6480638555       15.8962887928        1.4402640694
O          13.2468000324       16.4878098345        0.4330076519
N          14.3705771113       16.5032826207        2.3866240964
H          14.6870943474       15.9485561804        3.1701850640
CA         14.8770462645       17.8788376728        2.3146706946
HA         15.0511816566       18.1371681512        1.2687536548
CB         13.8240930037       18.8442488950        2.8840648730
HB2        12.8844958876       18.6965295081        2.3493015312
HB3        13.6442767313       18.5961944032        3.9315671586
CG         14.2023590627       20.3104768761        2.7741267873
CD1        14.1125900103       20.9660527305        1.5301174483
HD1        13.7594086313       20.4284039379        0.6581239615
CE1        14.4804121252       22.3213634218        1.4175081668
HE1        14.4132894890       22.8297947591        0.4654036618
CZ         14.9398293796       23.0261409399        2.5507944407
OH         15.2943454684       24.3337108727        2.4373400791
HH         15.5887927209       24.6942303896        3.2838170068
CE2        15.0290956367       22.3691036258        3.7975646732
HE2        15.3815095356       22.9067620924        4.6672803131
CD2        14.6604611722       21.0134660643        3.9068675801
HD2        14.7340472805       20.5117444297        4.8643542979
C          16.2162870228       18.0102476016        3.0642855163
O          16.4269955590       17.3518289694        4.0881813637
N          17.1158746422       18.8689251914        2.5682070083
H          16.8581665848       19.3924840185        1.7428397151
CH3        18.4376717057       19.1161023349        3.1441587081
HH31       18.9840403270       19.8365552701        2.5327233610
HH32       19.0074110619       18.1854750110        3.1873526363
HH33       18.3366789485       19.5160139268        4.1550343883
         110
Energy of minimum      9=    -152.0034552     first found at step       19 after                13544 function calls
HH31        0.5427714234        1.5048020022       -0.4382756779
CH3         0.8155386671        2.4255310506       -0.9519091871
HH32        0.1165895112        3.2155064135       -0.6812493453
HH33        0.7842683190        2.2659239462       -2.0286680294
C           2.2125352633        2.8349535641       -0.5485150372
O           2.8488098383        2.1511182991        0.2516060466
N           2.6872181023        3.9495876353       -1.1009778915
H           2.0840152671        4.4528161661       -1.7363858416
CA          4.0105400847        4.5294394930       -0.8364138176
HA          4.3357263265        4.2321855596        0.1620453174
CB          5.0188018649        3.9748926917       -1.8570838387
HB2         5.0250727344        2.8858266986       -1.7891102504
HB3         4.6842464032        4.2359145067       -2.8626409548
CG          6.4407406268        4.4703538311       -1.6625209469
CD1         6.9590002232        5.4837415935       -2.4945275662
HD1         6.3489557525        5.9010729091       -3.2867280571
CE1         8.2699508896        5.9607863597       -2.2967945217
HE1         8.6664761599        6.7374608471       -2.9363902469
CZ          9.0674249161        5.4228556209       -1.2629112910
OH         10.3362527334        5.8722052506       -1.0712097030
HH         10.5685949965        6.5577333223       -1.7105298002
CE2         8.5478534775        4.4072185744       -0.4316699453
HE2         9.1640177540        3.9978022384        0.3570068692
CD2         7.2362314330        3.9331868224       -0.6312188090
HD2         6.8406320381        3.1540294247        0.0094301643
C           3.9698253057        6.0678502016       -0.8768460359
O           3.1809096808        6.6564562493       -1.6229385700
N           4.8255987118        6.7185718060       -0.0839051146
H           5.4694130736        6.1732678971        0.4725579495
CA          4.9867744511        8.1764774232       -0.0191631703
HA          4.8046607613        8.5928658017       -1.0115473523
CB          3.9492917657        8.7809433159        0.9468272257
HB2         4.0380137555        9.8679861043        0.9171678419
HB3         2.9502121935        8.5415175918        0.5794324637
CG          4.0560604684        8.3242301595        2.3937842921
CD1         3.3624973361        7.1748910220        2.8250232314
HD1         2.7532508002        6.6165638306        2.1249436623
CE1         3.4583631846        6.7484870297        4.1645668308
HE1         2.9271698020        5.8650742997        4.4918804203
CZ          4.2476383010        7.4768689838        5.0813016485
OH          4.3450661924        7.0724503754        6.3756621453
HH          3.8267635327        6.2731059217        6.5355721209
CE2         4.9355672505        8.6319607958        4.6519425211
HE2         5.5361368363        9.1874954292        5.3591332054
CD2         4.8382285757        9.0548246643        3.3114611928
HD2         5.3675263787        9.9429364747        2.9885620562
C           6.4211860042        8.5661329266        0.3855728950
O           7.1497251701        7.7713668837        0.9876432872
N           6.8281159705        9.7975197762        0.0662682685
H           6.1877394314       10.4054676774       -0.4270862679
CA          8.1536429602       10.3450681815        0.3781993594
HA2         8.3091703711       10.3263227401        1.4574545298
HA3         8.9208452869        9.7237205772       -0.0849977041
C           8.3409901619       11.7865081021       -0.1107722396
O           7.4328491656       12.3793877972       -0.7022779959
N           9.5224222221       12.3560796184        0.1349966070
H          10.2236862503       11.8154458796        0.6242035105
CA          9.8884077698       13.7233962068       -0.2541490699
HA2         9.1964046819       14.4291260089        0.2067013360
HA3         9.8058268587       13.8266542117       -1.3366693964
C          11.3144806007       14.1077228085        0.1587165073
O          12.0370287826       13.3070147697        0.7607609189
N          11.7212958955       15.3372795163       -0.1654597574
H          11.0678229631       15.9421446007       -0.6441432475
CA         13.0404382180       15.9037186213        0.1478660473
HA         13.4286772185       15.4279299461        1.0501831377
CB         14.0074658363       15.6039243819       -1.0115547759
HB2        14.0728854068       14.5229331199       -1.1452193565
HB3        13.5956737075       16.0212658287       -1.9321703733
CG         15.4117568128       16.1454263210       -0.8083980916
CD1        15.8155100771       17.3292741088       -1.4590245803
HD1        15.1342172878       17.8425121432       -2.1269606571
CE1        17.1029114143       17.8550413582       -1.2342774949
HE1        17.4173140687       18.7641696261       -1.7279393610
CZ         17.9923576682       17.1967337939       -0.3584203172
OH         19.2351142138       17.7058177335       -0.1472287778
HH         19.7404077657       17.1591895471        0.4680871826
CE2        17.5895592041       16.0077018199        0.2886213209
HE2        18.2705200144       15.5004906563        0.9584167638
CD2        16.3001199658       15.4855976998        0.0637726071
HD2        15.9914522119       14.5759937822        0.5653166183
C          12.9567184460       17.4176886450        0.4176555387
O          12.0993537857       18.1092628798       -0.1410281172
N          13.8609531587       17.9360626243        1.2541437888
H          14.5492885387       17.3127917780        1.6536444079
CA         14.0386957704       19.3665483974        1.5297525110
HA         13.7489222505       19.9357221575        0.6448386169
CB         13.1251350448       19.7824890767        2.6948020173
HB2        12.0971000377       19.5092425095        2.4516644713
HB3        13.4084868801       19.2206075534        3.5865008851
CG         13.1555512054       21.2677937100        3.0077577028
CD1        13.8739153318       21.7449128490        4.1228646171
HD1        14.3990046911       21.0507903791        4.7681517067
CE1        13.9162245342       23.1259015721        4.3997612527
HE1        14.4687879620       23.4905190784        5.2549836137
CZ         13.2377367498       24.0351176849        3.5588791757
OH         13.2745286968       25.3689787835        3.8191738349
HH         13.7983464917       25.5602730066        4.6079818860
CE2        12.5183026855       23.5561136120        2.4430463192
HE2        11.9998875718       24.2568732278        1.8029740559
CD2        12.4779324663       22.1747808509        2.1689460918
HD2        11.9238004967       21.8105537945        1.3119444639
C          15.5137521059       19.6869169691        1.8368867965
O          16.2172914345       18.8725300335        2.4435839570
N          15.9804836415       20.8756297604        1.4346396285
H          15.3351307966       21.4992120822        0.9694263728
CH3        17.3520231638       21.3433532512        1.6348364408
HH31       17.4802753364       22.3306570475        1.1873915299
HH32       18.0558386521       20.6503161687        1.1691335942
HH33       17.5734092710       21.4081232934        2.7019782673
         110
Energy of minimum     10=    -151.0422601     first found at step       11 after                 8356 function calls
HH31        1.9813611947        1.7447683233       -0.0247942060
CH3         2.0955690856        2.7219067790       -0.4918290558
HH32        1.3164725387        3.3920920504       -0.1316762706
HH33        2.0167902137        2.6211047618       -1.5732618542
C           3.4485960434        3.2950131659       -0.1413345481
O           4.2203208722        2.6602252737        0.5757359445
N           3.7341861124        4.4937586263       -0.6456911085
H           3.0298997739        4.9449819966       -1.2124420837
CA          4.9829810776        5.2327765654       -0.4186631897
HA          5.4077871323        4.9285268941        0.5394785868
CB          5.9903348792        4.8787999683       -1.5268103156
HB2         6.1723564109        3.8031034159       -1.5069038637
HB3         5.5479994937        5.1163790163       -2.4958992219
CG          7.3253960856        5.5923028311       -1.4049686165
CD1         7.6024715714        6.7179443888       -2.2074578385
HD1         6.8744492661        7.0616423026       -2.9324349535
CE1         8.8226118312        7.4065818028       -2.0614847893
HE1         9.0396700588        8.2720966633       -2.6721375108
CZ          9.7714476909        6.9699773187       -1.1124040464
OH         10.9487677940        7.6362722345       -0.9769179797
HH         11.5059526228        7.2333321696       -0.2987303426
CE2         9.4962887604        5.8383482916       -0.3133219313
HE2        10.2230785463        5.5008838305        0.4129294221
CD2         8.2735866988        5.1532197422       -0.4597810194
HD2         8.0621354743        4.2888690896        0.1585412583
C           4.7393161186        6.7518196691       -0.3604454647
O           3.8370773334        7.2709621385       -1.0251489003
N           5.5577589699        7.4653679414        0.4176344188
H           6.2934252803        6.9762901284        0.9086400637
CA          5.5791201302        8.9294020108        0.5173507456
HA          5.2986388932        9.3487006590       -0.4506121827
CB          4.5484946744        9.4092004743        1.5571796596
HB2         4.5342097439       10.5001847447        1.5535563879
HB3         3.5564838123        9.0846660330        1.2392880449
CG          4.7810718280        8.9312541661        2.9823045798
CD1         4.2285059290        7.7090051482        3.4167066165
HD1         3.6390951113        7.1092976137        2.7340435160
CE1         4.4398741020        7.2633618976        4.7366141899
HE1         4.0167867497        6.3241907948        5.0662624438
CZ          5.2036380113        8.0452079433        5.6306525359
OH          5.4118685301        7.6226699581        6.9060094695
HH          4.9839899849        6.7723239446        7.0703162535
CE2         5.7502665277        9.2725374480        5.1985410175
HE2         6.3319285183        9.8684700487        5.8884339428
CD2         5.5377395451        9.7144965128        3.8776547187
HD2         5.9589673677       10.6578764409        3.5523642684
C           6.9934715778        9.4426863227        0.8475582125
O           7.8122002082        8.7203771216        1.4246669388
N           7.2829838003       10.6965171258        0.4904360966
H           6.5722023980       11.2427705854        0.0220027215
CA          8.5792582028       11.3474699806        0.7139001883
HA2         8.7897075181       11.3796010232        1.7834462512
HA3         9.3650694583       10.7647901915        0.2316611497
C           8.6374405193       12.7792441088        0.1678136925
O           7.6564204566       13.2890986820       -0.3833237415
N           9.7903292198       13.4338807601        0.3189621166
H          10.5554150888       12.9587793472        0.7797282715
CA         10.0377549074       14.8069629301       -0.1371955576
HA2         9.3339260692       15.4832145569        0.3492405560
HA3         9.8742015977       14.8658835836       -1.2138627436
C          11.4602896266       15.2956179242        0.1617692751
O          12.2680121171       14.5708861947        0.7516721037
N          11.7679178618       16.5277484513       -0.2487293208
H          11.0480570837       17.0705379094       -0.7056942648
CA         13.0651781614       17.1910460084       -0.0516320512
HA         13.5245074575       16.8010867240        0.8584721675
CB         14.0025957115       16.8640817669       -1.2304696124
HB2        14.9976635442       17.2480083366       -1.0007816414
HB3        14.0999363779       15.7801472786       -1.3100397956
CG         13.5706935936       17.4157398250       -2.5804940015
CD1        12.7101880939       16.6664868014       -3.4083061172
HD1        12.3566626541       15.6953301770       -3.0844815671
CE1        12.3080598856       17.1772093704       -4.6582379616
HE1        11.6463336121       16.6069977638       -5.2957525657
CZ         12.7694060433       18.4398854917       -5.0878166795
OH         12.3789635876       18.9288806222       -6.2948062137
HH         12.7661840231       19.7971917682       -6.4658362587
CE2        13.6376900617       19.1878210469       -4.2628081191
HE2        13.9955839494       20.1540362913       -4.5915644275
CD2        14.0377226567       18.6739742458       -3.0132079924
HD2        14.7068881410       19.2499817478       -2.3859346976
C          12.9067074150       18.7122347775        0.1371524742
O          11.8487618927       19.2799926716       -0.1539608454
N          13.9607376602       19.3758060023        0.6218165112
H          14.8005404491       18.8524151872        0.8280037269
CA         14.0219986624       20.8286007051        0.8340406534
HA         13.3331655755       21.3175438877        0.1430738175
CB         13.5709675675       21.1459812713        2.2704759287
HB2        12.5901324012       20.6977761807        2.4376011249
HB3        14.2650454167       20.6781870971        2.9708718952
CG         13.4654421520       22.6281751385        2.5827659696
CD1        14.4389907426       23.2571777769        3.3849020097
HD1        15.2621802100       22.6828083554        3.7926201812
CE1        14.3475490757       24.6369252137        3.6548130927
HE1        15.0922018154       25.1252195244        4.2683747912
CZ         13.2809154886       25.3928571989        3.1231030305
OH         13.1972059897       26.7241264521        3.3857685378
HH         12.4230940831       27.1191809499        2.9640066001
CE2        12.3053602069       24.7620747019        2.3202045496
HE2        11.4862253764       25.3389219576        1.9126519181
CD2        12.3994920648       23.3819235957        2.0522373842
HD2        11.6485043793       22.8996233172        1.4375885607
C          15.4333854691       21.3784824629        0.5492207256
O          16.4252136997       20.6503881104        0.6635570999
N          15.5307624934       22.6615742130        0.1793904854
H          14.6764186367       23.2005521347        0.1353210466
CH3        16.7848103621       23.3506815628       -0.1251394650
HH31       16.5844517419       24.3863717448       -0.4057494486
HH32       17.2955695013       22.8533198880       -0.9521470053
HH33       17.4383404937       23.3428112662        0.7495005055
         110
Energy of minimum     11=    -150.6607798     first found at step       95 after                65415 function calls
HH31        0.5809672362        1.8153492406       -1.8254229271
CH3         0.1109345086        2.4261557765       -1.0561060639
HH32       -0.4367864843        3.2424804505       -1.5245772753
HH33       -0.5748228126        1.8139511559       -0.4722339248
C           1.1773450582        2.9953909443       -0.1501709237
O           1.1671956636        2.7373647408        1.0523358723
N           2.0948362912        3.7692116364       -0.7266592270
H           2.0118454273        3.9363261773       -1.7196421509
CA          3.2054758701        4.4300248942       -0.0288072918
HA          2.9205709995        4.6030039892        1.0104081641
CB          4.4356132789        3.5055958427       -0.0440003058
HB2         4.1765909533        2.5664714530        0.4475346220
HB3         4.6896888813        3.2719873688       -1.0794265016
CG          5.6579633056        4.0852905403        0.6460047685
CD1         6.7007230644        4.6497186072       -0.1168263795
HD1         6.6456432065        4.6480044275       -1.1988110662
CE1         7.8129587899        5.2280067345        0.5256846662
HE1         8.6145126600        5.6648095701       -0.0538272523
CZ          7.8866392777        5.2421357460        1.9349613739
OH          8.9632586888        5.7990209579        2.5506711838
HH          8.8897931736        5.7392130556        3.5117749394
CE2         6.8449667419        4.6706976504        2.6986368506
HE2         6.9007082136        4.6784858677        3.7786249986
CD2         5.7323316185        4.0953734506        2.0529885017
HD2         4.9315495212        3.6628409645        2.6410343219
C           3.5354213288        5.7965847781       -0.6564533108
O           3.3738821271        5.9898646712       -1.8655562785
N           4.0178376883        6.7362129305        0.1613410926
H           4.1528959134        6.4964828421        1.1338543487
CA          4.5094930268        8.0559367515       -0.2514714565
HA          4.9492227001        7.9682811134       -1.2466550214
CB          3.3424513202        9.0581172224       -0.3367389982
HB2         3.7261194621       10.0057377147       -0.7178930428
HB3         2.6248471643        8.6946771983       -1.0739115453
CG          2.6057204869        9.3218016659        0.9675614777
CD1         1.5115672206        8.5129501188        1.3370428614
HD1         1.1965917180        7.7020475772        0.6918222448
CE1         0.8250333407        8.7548750292        2.5435143186
HE1        -0.0123852852        8.1312225102        2.8254721286
CZ          1.2299492184        9.8143899426        3.3845818467
OH          0.5725756820       10.0548614587        4.5501146216
HH         -0.1501973428        9.4279707642        4.6834205947
CE2         2.3201445236       10.6292205523        3.0112383621
HE2         2.6239863919       11.4409598079        3.6579041091
CD2         3.0049703300       10.3836994090        1.8046028096
HD2         3.8401906409       11.0132795900        1.5230922026
C           5.6152066992        8.5579190093        0.6963044196
O           5.6867384820        8.1510266479        1.8600910728
N           6.4768983557        9.4516032431        0.2041205616
H           6.3682506477        9.7509414530       -0.7558916555
CA          7.5973636634       10.0291666641        0.9557285609
HA2         7.2140841029       10.5632905317        1.8258164110
HA3         8.2472228559        9.2278902800        1.3096083237
C           8.4421117970       11.0032201110        0.1255969768
O           8.1490865416       11.2576784791       -1.0472289645
N           9.4961841342       11.5519948320        0.7321617558
H           9.6812091666       11.3009293827        1.6944844887
CA         10.4223418417       12.5011641483        0.1031917969
HA2         9.8763305806       13.3945178627       -0.2017937182
HA3        10.8542389310       12.0468589596       -0.7893410017
C          11.5680514034       12.9279934547        1.0286855753
O          11.6106598915       12.5390725819        2.2001095706
N          12.4923682665       13.7346503063        0.5006465318
H          12.3602748456       14.0445958574       -0.4518359086
CA         13.7024261381       14.2088168076        1.1897851555
HA         13.5828236247       14.0704165231        2.2656162154
CB         14.9174734265       13.3808588020        0.7340179381
HB2        15.0742559572       13.5439813757       -0.3337290505
HB3        15.8061018772       13.7502693993        1.2483118766
CG         14.8068728637       11.8880035930        0.9963796710
CD1        15.0683940766       11.3781933811        2.2840216974
HD1        15.3522848163       12.0501963459        3.0848047014
CE1        14.9572126476        9.9959612761        2.5351404379
HE1        15.1565869291        9.6069909793        3.5243653937
CZ         14.5820883792        9.1180875613        1.4945638631
OH         14.4710783603        7.7836016445        1.7294671783
HH         14.6754245962        7.5689443268        2.6488479970
CE2        14.3231498523        9.6285184242        0.2044794829
HE2        14.0375235387        8.9513567111       -0.5887608520
CD2        14.4368545125       11.0107001889       -0.0434913371
HD2        14.2357763732       11.3982749707       -1.0348008520
C          13.9487375283       15.7081384836        0.9438921911
O          13.5084476042       16.2630915769       -0.0679416006
N          14.6701610222       16.3623803189        1.8588676125
H          15.0214414608       15.8417362595        2.6508328514
CA         15.0397644238       17.7831250300        1.7896282304
HA         15.0972048261       18.0843480717        0.7422557815
CB         13.9456632194       18.6205416730        2.4751991724
HB2        12.9817586961       18.3737388522        2.0270619871
HB3        13.8943469986       18.3411589399        3.5289840316
CG         14.1404652737       20.1222316289        2.3629438931
CD1        13.9036194623       20.7695413828        1.1339769420
HD1        13.5667613959       20.1989825374        0.2765094426
CE1        14.1022830139       22.1594268640        1.0175715616
HE1        13.9217263461       22.6616126596        0.0769613451
CZ         14.5385408268       22.9074908993        2.1320826564
OH         14.7294767663       24.2484172202        2.0150014455
HH         15.0265118296       24.6366612238        2.8482116986
CE2        14.7748024715       22.2587790600        3.3639010917
HE2        15.1097361608       22.8296347552        4.2192566301
CD2        14.5753021577       20.8684603753        3.4770954730
HD2        14.7614659302       20.3740950238        4.4230666410
C          16.4223661490       18.0349968269        2.4228398098
O          16.8594807482       17.2780494288        3.2964362327
N          17.1135338232       19.0968664116        1.9898767233
H          16.6770005496       19.6845844199        1.2924450960
CH3        18.4336090381       19.4920867641        2.4813223328
HH31       18.7751588462       20.3874830438        1.9586769583
HH32       19.1534066934       18.6885953598        2.3125365873
HH33       18.3864943612       19.7050836254        3.5511707158
         110
Energy of minimum     12=    -150.6177651     first found at step       78 after                54090 function calls
HH31       -1.9229911815        4.5216130505       -1.1383931275
CH3        -1.0289248308        4.1062125350       -1.6010263002
HH32       -0.9860815944        4.4062574254       -2.6469390206
HH33       -1.0551187247        3.0195358369       -1.5351909946
C           0.1969144433        4.6204411153       -0.8832990239
O           0.0784849192        5.3920238246        0.0671625914
N           1.3743660031        4.1935047222       -1.3342302767
H           1.3772554754        3.5623519381       -2.1206106595
CA          2.6692857116        4.5868646873       -0.7623855924
HA          2.6018613824        4.4942129016        0.3229850648
CB          3.7671582096        3.6255897122       -1.2463723626
HB2         3.8695971882        3.7225140747       -2.3286517758
HB3         4.7176273833        3.9287768274       -0.8043651513
CG          3.5269706909        2.1673126639       -0.8928914100
CD1         3.7090281743        1.7269782030        0.4336734873
HD1         4.0253454248        2.4266353156        1.1979656190
CE1         3.4802325215        0.3779947339        0.7708469116
HE1         3.6196944402        0.0425870216        1.7895781187
CZ          3.0682467898       -0.5371212449       -0.2225600968
OH          2.8452409848       -1.8401846105        0.0947982502
HH          3.0046364298       -2.0072232825        1.0328352826
CE2         2.8886417145       -0.0964191004       -1.5512829868
HE2         2.5746831879       -0.8020860946       -2.3082361441
CD2         3.1182617248        1.2530393516       -1.8853112775
HD2         2.9808795185        1.5842586593       -2.9075901006
C           3.0376850291        6.0487768579       -1.0791575149
O           2.6534844140        6.5921145433       -2.1197947247
N           3.8093762283        6.6801053768       -0.1900626510
H           4.1152234673        6.1691433776        0.6261986357
CA          4.2774819850        8.0685991668       -0.3037696936
HA          4.3806969082        8.3210888946       -1.3605717625
CB          3.2323140967        9.0200640384        0.3102890869
HB2         3.5457911384       10.0488904273        0.1271981543
HB3         2.2864174034        8.8856493440       -0.2168814094
CG          2.9868264739        8.8446474229        1.8010191676
CD1         2.0133501688        7.9312481220        2.2540659052
HD1         1.4384520740        7.3536190239        1.5403901722
CE1         1.7853792004        7.7659453083        3.6343664772
HE1         1.0411200215        7.0647390939        3.9860829459
CZ          2.5287330080        8.5180997178        4.5688163137
OH          2.3055470079        8.3555789548        5.9000511750
HH          2.8778770908        8.9288052660        6.4263630199
CE2         3.4992421399        9.4384429045        4.1159201976
HE2         4.0681143733       10.0181631769        4.8300851581
CD2         3.7249766815        9.6009233939        2.7344616261
HD2         4.4689089424       10.3098837293        2.3920959923
C           5.6620687595        8.2581094053        0.3453250268
O           6.1190618550        7.4149546963        1.1241792538
N           6.3356481715        9.3674053868        0.0294864840
H           5.9143154369       10.0203554711       -0.6179279417
CA          7.6581810213        9.7197377857        0.5595316128
HA2         7.6115959794        9.7680618004        1.6480470452
HA3         8.3763523551        8.9460695335        0.2858132467
C           8.1777028231       11.0655436727        0.0389597350
O           7.5103788485       11.7407749495       -0.7514946638
N           9.3729970115       11.4606245097        0.4814188695
H           9.8680719546       10.8603782885        1.1279456558
CA         10.0337878149       12.7142174315        0.0982238747
HA2         9.3993254724       13.5574496083        0.3734038428
HA3        10.1732759316       12.7346642860       -0.9831902977
C          11.4023412213       12.9037625437        0.7638067438
O          11.8520972153       12.0547597555        1.5400785430
N          12.0668604994       14.0210766878        0.4597839976
H          11.6274102931       14.6772655467       -0.1713466880
CA         13.3817024088       14.3979497519        0.9967436572
HA         13.5078127280       13.9471663664        1.9827303048
CB         14.4819058986       13.8502149012        0.0700198972
HB2        14.3850518129       12.7649222495        0.0113016377
HB3        14.3264102779       14.2456104835       -0.9353474331
CG         15.8953802695       14.1796005408        0.5173776921
CD1        16.6098122886       15.2241784075       -0.1041294100
HD1        16.1629206536       15.7782690793       -0.9208207302
CE1        17.9034839618       15.5583491732        0.3420638599
HE1        18.4552144955       16.3603617818       -0.1285051220
CZ         18.4882061238       14.8468464721        1.4113969420
OH         19.7383546758       15.1704506038        1.8363924428
HH         20.0190591911       14.6066248235        2.5685426983
CE2        17.7744787908       13.7967061489        2.0298671753
HE2        18.2217358709       13.2487529185        2.8479781010
CD2        16.4794806195       13.4664522189        1.5829716198
HD2        15.9317485086       12.6637506396        2.0624115534
C          13.5096230976       15.9238685810        1.1613891922
O          12.9025786272       16.6905836969        0.4069873653
N          14.3174017399       16.3641508080        2.1307750222
H          14.8022436612       15.6774003444        2.6921793210
CA         14.6829486800       17.7673040139        2.3574404866
HA         14.6648485374       18.2959586021        1.4028740518
CB         13.6533484524       18.4214155994        3.2939231108
HB2        12.6572487830       18.2932807517        2.8673055889
HB3        13.6652232558       17.9015377696        4.2534604359
CG         13.8787940242       19.9049233647        3.5249524141
CD1        13.5346739419       20.8309271437        2.5202157306
HD1        13.0957774709       20.4854063514        1.5916892821
CE1        13.7591834050       22.2072158789        2.7208787494
HE1        13.4967788692       22.9225567707        1.9534528670
CZ         14.3294661216       22.6621096779        3.9291678568
OH         14.5449579667       23.9910640292        4.1182080624
HH         14.9376231376       24.1653169051        4.9834520150
CE2        14.6736607121       21.7339559200        4.9362246152
HE2        15.1114417102       22.0799531418        5.8626755991
CD2        14.4478540894       20.3580678813        4.7324224182
HD2        14.7168838759       19.6486579577        5.5059085453
C          16.1076783220       17.8769989960        2.9326523964
O          16.5358960820       17.0178732796        3.7103469669
N          16.8376819392       18.9379412342        2.5663539261
H          16.4067389227       19.6125033153        1.9490912457
CH3        18.2074124842       19.1995845438        3.0083329373
HH31       18.5838753001       20.1117451881        2.5417890725
HH32       18.8563909077       18.3666103727        2.7299141220
HH33       18.2339574015       19.3211714536        4.0930036572
