         1    -152.9587820    
         2    -152.9588039    
         3    -152.9588522    
         4    -152.9588277    
         5    -152.9588131    
         6    -152.9588131    
         7    -152.9588131    
         8    -152.9588399    
         9    -152.9517827    
        10    -152.9517000    
        11    -152.9517401    
        12    -152.9517626    
        13    -153.0758525    
        14    -152.9517868    
        15    -153.0758470    
        16    -153.0758702    
        17    -153.0758728    
        18    -153.0758722    
        19    -153.0757329    
        20    -153.0819265    
        21    -153.0758700    
        22    -152.9517843    
        23    -152.9676144    
        24    -152.9676261    
        25    -153.2478295    
        26    -153.2478215    
        27    -153.2478279    
        28    -153.2478287    
        29    -153.2478033    
        30    -153.2478033    
        31    -153.2478121    
        32    -153.2478258    
        33    -153.2617707    
        34    -153.2617662    
        35    -153.2617692    
        36    -153.2617627    
        37    -151.8315981    
        38    -151.8315929    
        39    -151.8315474    
        40    -151.8315760    
        41    -151.8315981    
        42    -151.8315981    
        43    -151.8315981    
        44    -151.8315866    
        45    -151.8308045    
        46    -151.8307920    
        47    -151.8307920    
        48    -151.8308107    
        49    -151.8308266    
        50    -151.8308266    
        51    -151.8308266    
        52    -151.8307948    
        53    -151.8308153    
        54    -151.8308068    
        55    -151.8307572    
        56    -151.8308170    
        57    -151.8307983    
        58    -151.8308191    
        59    -151.8308034    
        60    -150.7611499    
        61    -150.4985213    
        62    -150.4985213    
        63    -150.4984955    
        64    -150.4985089    
        65    -150.5334083    
        66    -150.5334060    
        67    -150.5334130    
        68    -150.5334162    
        69    -150.5334162    
        70    -150.5334167    
        71    -150.5334077    
        72    -150.5334159    
        73    -150.5334167    
        74    -150.5334110    
        75    -150.4984997    
        76    -150.4985113    
        77    -150.4985050    
        78    -150.4985134    
        79    -150.4985134    
        80    -150.4985010    
        81    -150.4985213    
        82    -150.4985108    
        83    -150.4984707    
        84    -150.4985213    
        85    -150.4985103    
        86    -150.5027610    
        87    -151.6525785    
        88    -151.6525785    
        89    -151.6871252    
        90    -151.6871252    
        91    -151.4348182    
        92    -151.4348143    
        93    -151.4348020    
        94    -151.4347975    
        95    -153.7659444    
        96    -153.7659398    
        97    -153.7659398    
        98    -153.7659445    
        99    -153.7659392    
       100    -153.7659349    
