         1    -152.9587820    
         2    -153.3017675    
         3    -153.3017658    
         4    -153.3017658    
         5    -153.3017814    
         6    -153.3017838    
         7    -153.3017808    
         8    -153.3017574    
         9    -153.3017611    
        10    -153.4255116    
        11    -152.1191533    
        12    -152.1191533    
        13    -152.1156390    
        14    -152.1216763    
        15    -152.1216667    
        16    -152.1216669    
        17    -152.1216796    
        18    -152.1216829    
        19    -152.1216744    
        20    -152.1216744    
        21    -151.9998003    
        22    -151.9997869    
        23    -151.9997928    
        24    -151.9997958    
        25    -151.9997931    
        26    -151.9997908    
        27    -151.9997941    
        28    -151.9936010    
        29    -151.9936106    
        30    -151.9997582    
        31    -151.9997975    
        32    -151.9997521    
        33    -151.9997968    
        34    -152.0034499    
        35    -151.9971582    
        36    -151.9972100    
        37    -152.1252553    
        38    -152.1252398    
        39    -152.1252039    
        40    -152.1252553    
        41    -152.1251955    
        42    -152.1251955    
        43    -152.1251955    
        44    -153.4314433    
        45    -153.4313857    
        46    -153.4314624    
        47    -153.0819216    
        48    -153.0819216    
        49    -153.0819250    
        50    -153.0819054    
        51    -153.4314378    
        52    -153.4314323    
        53    -153.4314467    
        54    -153.4314536    
        55    -153.4314536    
        56    -153.4314554    
        57    -153.4314427    
        58    -153.4314633    
        59    -153.4418887    
        60    -153.4419219    
        61    -153.4418974    
        62    -153.4419363    
        63    -153.4419334    
        64    -153.4419351    
        65    -152.0330567    
        66    -152.0330353    
        67    -152.0330545    
        68    -152.0330456    
        69    -152.0330512    
        70    -152.0330041    
        71    -152.0330505    
        72    -152.0330171    
        73    -152.1216408    
        74    -152.1216319    
        75    -152.1216905    
        76    -152.1216799    
        77    -152.1216799    
        78    -151.9997647    
        79    -151.9997647    
        80    -151.9997930    
        81    -151.9997806    
        82    -152.1216852    
        83    -152.1216846    
        84    -152.1216177    
        85    -152.1216835    
        86    -151.9997572    
        87    -151.9997827    
        88    -151.9997859    
        89    -151.9997871    
        90    -151.9997939    
        91    -151.9997941    
        92    -151.9997881    
        93    -151.9997961    
        94    -151.9997969    
        95    -152.1216905    
        96    -150.6537741    
        97    -150.6539283    
        98    -150.6539283    
        99    -150.6574076    
       100    -150.6607344    
