     -153.420179479900014    21110.995829957701062     1      938.8114944758     5627.0952958341     6216.1997241933
     -153.247829511899994    21111.004007414601801     1      951.6132601505     5666.9850167482     6252.6034850971
     -153.115879721499994    21115.293531468199944     1     1140.0154278840     4674.6299852809     5437.8718976612
     -153.098420826899996    21101.215170596500684     1     1014.6637241602     6946.2549583590     7660.2806073911
     -153.081926551999999    21101.281743791299959     1     1013.6370797257     6940.8829109605     7651.7455215175
     -152.958852237400009    21100.775980658399931     1     1024.0260060699     6910.0077987363     7636.7425070626
     -152.860682235199988    21101.788412093199440     1     1183.9083859631     6237.0640160757     6571.6936769932
     -152.746639466900007    21101.316860226601420     1     1193.5689859512     6200.9948398374     6530.1086320799
     -152.380051516200012    21098.969169548599893     1     1024.3469132654     5778.2416945213     6514.8042620018
     -151.982980332900013    21101.596396290398843     1     1116.9498888107     6194.8820903822     7001.3876306190
     -151.955741107100010    21101.157107125200127     1     1048.4896676354     7469.8846031907     8070.7783368597
     -151.934886773399995    21101.205683093699918     1     1047.8900900388     7467.3681034777     8081.8389326952
     -151.876326442400000    21101.890616616899933     1     1196.7382584781     4648.6485906186     5495.4456547647
     -151.831598072899993    21100.645740594900417     1     1057.6742751604     7436.6878058971     8056.3794545227
     -151.805031951399997    21100.685562478800421     1     1062.3620391208     7423.6950611079     8051.7330210710
     -151.752383677799997    21100.784418495699356     1     1533.9074077125     5641.6932142084     6219.6371388840
     -151.730191773900003    21101.693682281198562     1     1193.6772246517     6482.9206398879     7055.5318062195
     -151.718440528499997    21101.694337569399067     1     1194.3907487000     6462.3631649768     7035.2211801226
     -151.678196477799986    21101.040632817301230     1     1134.1095095139     5024.7909002775     5843.6377691082
     -151.608663131599997    21101.859037189198716     1     1200.4260460651     6507.2469496063     7059.4481259241
     -151.579503205399988    21113.320399134900072     1     1295.9822926594     5151.4112027571     5869.1599122736
     -151.436000320000005    21100.035706240600121     1     1533.0944112166     5566.9736947842     6181.2930248383
     -151.368353112199998    21100.294092068801547     1     1135.5517852515     4974.7612745621     5799.6323009986
     -151.248602430000005    21100.291025936799997     1     1021.2769842734     8246.6633943624     8955.6251402700
     -151.233482429699990    21101.417251543698512     1     1058.1813282287     6767.8742802195     7318.6469459146
     -151.182693626499997    21111.500000742598786     1     1106.7436797715     5459.4006301636     6110.7010605880
     -154.038394840199999    21115.311876831401605     1      852.0178390543     5434.2825690040     5938.3706145223
     -153.769526641999988    21113.991419498001051     1      857.6762288561     5522.8178883259     6037.7857612498
     -153.261770880600011    21113.133284752599138     1      880.7221975850     5652.3062307188     6179.2822716916
     -153.132066557200005    21102.624072677201184     1     1039.7873368762     6783.7691410701     7506.6236772464
     -153.121222470600003    21102.631230635899556     1     1039.0693861106     6779.9839788569     7497.7540424851
     -153.003925806000012    21110.290017044400884     1      974.4086564066     5555.9407291567     6158.2268163186
     -152.991622774099994    21102.111748377999902     1     1054.3411914651     6738.5835729451     7471.2773905791
     -152.967626069099992    21100.694958733700332     1     1029.4132262390     6904.0319806411     7633.1705016236
     -152.943413768099987    21110.236815844898956     1      971.3010048458     5565.1808025399     6169.3554595603
     -152.737546539899995    21102.598614905200520     1     1028.5312812710     5733.4819827208     6460.0751283326
     -152.681989434700000    21112.465146236001601     1     1015.4979697025     5282.7213795339     5784.4404627663
     -152.665051051799992    21099.960324258900073     1     1039.7618181061     6823.4767049308     7561.9199080858
     -152.649134348600001    21100.033220502300537     1     1038.0488818086     6819.4904413057     7554.5386829635
     -151.986901136799986    21113.264009624901519     1      896.8149874798     6005.5174127870     6533.1981335098
     -151.885029796800012    21106.789959412501048     1      915.6224473954     5335.6737236040     5794.2115290258
     -151.838938657099987    21100.660671573601576     1     1052.7955149823     7447.0490646166     8071.9382026221
     -151.745852317100002    21102.227925813498587     1     1069.5068319697     7407.6423527933     7975.6205456241
     -151.687125226400013    21106.214580480500445     1      898.4631625437     5885.5813496117     6265.1550855175
     -151.652578489799993    21106.213126917300542     1      896.6382229743     5895.8101773152     6276.1197671183
     -151.459040823599992    21103.756426632400689     1      934.0911152980     5999.1552085750     6312.6135909419
     -151.434818205900001    21103.915323869401618     1      927.2995280668     5998.5395259320     6319.8335515085
     -151.299910609699992    21103.940255041601631     1      990.9630011857     6574.6927310386     6727.3461735387
     -151.226802762599988    21100.546870966500137     1     1014.1276151218     6368.1940102514     6914.5457457869
     -151.215315460499994    21101.231773930099735     1     1055.7789468731     6808.2506140882     7344.5093463368
     -153.431463350799987    21103.368694856999355     1     1038.9492115941     6833.9515734446     7548.8798034474
     -153.308685447599998    21102.863065198700497     1     1048.8782776724     6804.5281412970     7535.7725883765
     -153.125854965900004    21102.615263789401070     1     1045.0147075285     6771.8296582883     7493.7167282449
     -152.798370839299992    21102.252921561401308     1     1004.3252720711     5486.5443819285     6185.7238127590
     -152.693702419499999    21102.505803690699395     1     1055.6423695803     5714.2853380389     6457.7565030410
     -152.676137435199990    21103.470635705998575     1     1055.2937751617     6176.4923471710     6749.5694817884
     -152.652092372999988    21102.520820146000915     1     1052.6513273895     5699.2820212292     6446.6669046482
     -152.433998334100011    21099.836132939199160     1     1012.0058959444     5791.3687855297     6513.6730227875
     -152.423364854699997    21106.402459242101031     1     1388.1128769889     5654.7119312339     6124.3178173213
     -152.384139900399987    21101.743405085799168     1     1047.0825266950     5671.5118087215     6409.4672748229
     -152.326446910399994    21101.368485658800637     1     1026.7308262713     6287.8167870538     6826.8739361108
     -152.112422286999987    21105.882531383300375     1     1235.2379611678     5489.6705899002     5654.3807336229
     -152.050575070200011    21101.806692826801736     1     1073.8959733802     6585.3976015958     7175.1390129045
     -152.027010727700002    21102.974290650799958     1      989.5183502942     7606.8298668284     8278.6532362340
     -152.010739142900007    21100.490003510698443     1     1053.3045905863     6747.3678386034     7317.8966189325
     -151.921578377299994    21102.424020950598788     1     1005.9846818186     7572.9817921241     8263.0477484114
     -151.895057118300002    21103.311648985200009     1     1164.1297454199     6147.1154800952     6608.2861479765
     -151.880076915600000    21101.527328383101121     1     1046.7399275728     7547.3710851963     8108.0354074591
     -151.804148973200000    21100.717896427700907     1     1053.5256568339     7405.0107521281     8038.9159932519
     -151.791906532799999    21106.815840742900036     1      923.4435547089     5362.1915985504     5831.1633759098
     -151.689869160799987    21100.258314614398842     1     1041.5597754245     7799.9639577971     8528.8421774697
     -151.677874480599996    21108.827411748599843     1     1222.0015432525     6218.8498960181     6527.3237344898
     -153.425576102900010    21103.360185657398688     1     1044.3197463393     6822.2265933879     7535.5982754761
     -153.308341812900011    21111.057005928898434     1      954.7259089452     5657.4664187712     6241.8138533469
     -153.075872766499998    21101.273243905699928     1     1018.4153189623     6929.2246311526     7639.5567463842
     -152.975111254000012    21100.709867552799551     1     1025.1358823305     6915.4479904492     7644.7088881268
     -152.736015932500010    21103.580592166599672     1     1057.6899953906     6205.1152874989     6773.8822822885
     -152.681462674899990    21103.465486545399472     1     1057.6544778323     6201.2233655654     6774.2095708265
     -152.482347322300001    21106.467338555499737     1     1377.6900827295     5661.9736887344     6148.0410743766
     -152.353423780000014    21102.536241088899260     1     1077.1352663913     6624.8104592098     7205.0990513301
     -152.332320879900010    21101.344372339201072     1     1029.9572611810     6311.0379464295     6850.5865078171
     -152.317394169099998    21100.680256524199649     1     1035.5693199448     5831.7734196837     6569.7895116074
     -152.119153291600014    21101.737721295499796     1     1032.6276054156     7541.8431968627     8051.8509698532
     -152.060978426699990    21101.790941099799966     1     1073.6294852876     6596.9202338607     7175.7205400644
     -152.003815234499996    21100.478303738600516     1     1057.4880363014     6731.1031474896     7299.1923769311
     -151.587511038499997    21102.664343123698927     1     1120.3427216858     5666.7702046745     6207.1310328840
     -151.555430731099989    21101.183710071898531     1     1141.7582517194     6294.7261884218     6702.8638767221
     -151.537562963699997    21101.255612830700557     1     1142.0507821226     6245.5096838479     6677.4747031701
     -151.386497882399993    21099.693812456498563     1     1296.2183747137     6154.9056879289     6378.1370789927
     -151.271829055799998    21100.531478386001254     1     1019.6115956672     6402.6430312844     6945.1017933434
     -151.249007449900006    21100.166996982501587     1     1117.5504128110     5800.3295220707     6298.2589821830
     -150.884356418099998    21100.360911009698611     1     1081.6729712134     7158.4356946217     7761.9587469819
     -150.822238902999999    21105.678657796401239     1     1633.9327115755     6284.0599276298     7145.5873553784
     -153.481388379000009    21111.980067381799017     1      944.1712282169     5629.4274476421     6182.4395046529
     -153.441936297700011    21103.356601590701757     1     1039.2680330785     6838.4857976794     7558.4106741197
     -153.311639860899987    21102.836781043799419     1     1054.1846802327     6797.6074585412     7532.0855539603
     -153.115370883400004    21102.622740010898269     1     1044.3607066432     6768.3436135409     7484.4646173130
     -153.091969352500001    21101.206305396401149     1     1019.3420870637     6934.3526799671     7648.5792232340
     -152.744331107100010    21103.564911361499981     1     1055.7552783026     6192.3204116773     6750.4238642234
     -152.692373215200007    21103.434116912900208     1     1058.4660086741     6213.9845206274     6775.3968413957
     -152.464248828699994    21111.923310879101336     1      912.6506783104     6179.0566921117     6675.1224913819
     -152.434754285200000    21102.825547535201622     1     1052.1257108579     6142.5196809380     6702.8976959466
     -152.406964853200009    21099.433010452001326     1     1005.3322279292     5767.8469754858     6488.0293867425
     -152.349824089700007    21101.269895025401638     1     1031.1311608632     6324.0261021286     6849.5987618805
     -152.050129672800011    21101.797793238598388     1     1080.5957202868     6553.8336323300     7139.6224063788
     -152.019269181800013    21100.415725797698542     1     1057.7879406519     6744.0012577182     7300.7686022499
     -151.905060029600008    21103.289115076800954     1     1164.2159525636     6167.0451789007     6603.2509915103
     -151.743513442899996    21101.771925208598987     1     1304.6508377686     6126.2674339018     6313.2101373871
     -151.690150729000010    21101.388695945101063     1     1105.8094982475     6143.4610215325     6947.9410811767
     -151.655356761200011    21100.871681149699725     1     1128.3433850616     6113.4974713084     6937.7169402041
     -151.581418276899996    21102.210640885401517     1     1133.5596399427     5688.7931120047     6211.5476886729
     -153.318919055700007    21102.851417927398870     1     1049.2603418442     6809.2043917649     7544.8312504341
     -152.998486764700004    21102.126037538098899     1     1049.4441287134     6749.7703915979     7484.4223494815
     -152.982118573200012    21110.592569273998379     1      888.8227729514     5189.7695607058     5734.2053871264
     -152.747195937300006    21103.549164607000421     1     1058.5123601716     6217.6576100800     6775.3460829290
     -152.125255350299994    21101.746617226999660     1     1028.6224171799     7549.4089517791     8064.9226690757
     -152.056796614099994    21101.809594480899250     1     1075.8623902645     6570.1612614347     7159.0266062672
     -152.044704188299988    21102.925694776698947     1      993.7308176714     7602.0259720717     8278.2947419899
     -152.026472994599999    21100.428471467501367     1     1053.7123683005     6760.4193521189     7319.1451300234
     -152.014715660999997    21100.414016483999148     1     1054.8576530333     6759.7901793563     7317.4352101759
     -151.998849783200001    21100.477211258999887     1     1054.6882263158     6746.6902756887     7315.7714253157
     -151.889114330399991    21103.313619380900491     1     1164.7992446134     6133.7412850099     6594.1026434210
     -151.661371328299992    21112.331825054799992     1     1069.2682587099     4897.8526727800     5395.6418326877
     -151.553384328100009    21102.715950748901378     1     1001.3060613022     7505.2472304417     8208.3288085374
     -151.246327198100005    21102.104143561900855     1     1048.1637582320     6772.7542672956     7283.0227122301
     -151.218664378200003    21100.351430409999011     1     1018.7545545042     8260.4636835098     8977.0186345083
     -151.207318448600006    21101.246380887201667     1     1052.7100127971     6780.4969701422     7314.3141219761
     -150.926053581399998    21101.272413839498768     1     1086.1880856514     7352.5126379434     7922.1559617745
     -150.891418053800010    21100.373516161100270     1     1076.9867837854     7173.9201912401     7784.5439576781
     -153.490111057399986    21109.248227562300599     1     1290.1669724131     5144.2697607307     5933.1916073363
     -153.435885388999992    21109.147001012501278     1     1292.2481011280     5133.5387112781     5936.8569345234
     -153.301786506500008    21102.848777816201618     1     1053.8601068289     6793.2445903699     7522.6397782588
     -153.226871348400010    21111.733829145399795     1     1229.0053918711     5701.6711733130     6307.6096072748
     -153.172551924099992    21113.429032526699302     1     1230.8234471046     5692.3273818155     6310.4969803712
     -153.021863567299988    21108.260190236298513     1     1177.8489884815     5416.4939806228     5927.3949425280
     -152.693874862400008    21108.691778873700969     1      937.4337199608     5857.0040259587     6306.5525743978
     -152.673447520600007    21108.806528572000389     1      935.4861917312     5860.3898912625     6304.1492165854
     -152.613683414700006    21110.409213711398479     1     1178.8075607122     4771.9668351114     5215.5866882160
     -152.386697503100009    21112.112612030399760     1     1073.4791999363     6107.2289145305     6198.8777051455
     -152.369481970099997    21102.517692945799354     1     1078.2671308870     6621.6840613646     7189.9423639759
     -152.331997278599999    21111.999883010201302     1     1075.3263076429     6099.3990042460     6200.2242238068
     -152.292278054599990    21112.884601899098925     1     1101.1691141340     5453.1529050228     5952.5923780218
     -152.272710383499998    21105.436460040098609     1     1456.3254430658     6212.0275743257     6658.0723021647
     -151.902918674099993    21102.466772403400682     1     1001.3836778485     7578.0371527389     8263.7785469229
     -151.890167438899994    21103.307390726098674     1     1162.9077453009     6163.7896703517     6623.7129129583
     -151.817532144300003    21109.998544882899296     1      942.3024448314     6570.4445123093     6895.1332457655
     -151.694638031500006    21106.826231026199821     1     1278.2579623837     5090.8084427306     5656.4858454229
     -151.606123124300012    21111.520281235498260     1     1103.6401550164     5617.3895165256     6112.6758482006
     -151.478083428699989    21102.618694358501671     1      948.3053427070     6510.8358559942     6921.9135085094
     -151.451523139199992    21103.052559686799214     1      944.3812459771     6507.3019922727     6909.1607621101
     -151.211486836299997    21110.410986173701531     1     1310.3929535069     5650.8501330172     6137.0530477391
     -154.665897395900004    21123.707331446399621     1      888.4551657894     5640.6883893302     5744.8826739059
     -153.876057850499990    21115.271532687398576     1      845.8013497614     5991.1581321995     6217.1654537127
     -152.564490446900010    21115.426800301098410     1      937.6621015522     5472.1051938120     5650.8255564561
     -152.405359297300009    21103.557656165299704     1     1427.3256758779     5777.6254159149     6300.0005681144
     -152.393596725500004    21103.617319781998958     1     1423.2863011948     5800.9308298510     6311.8292486753
     -152.187850670399996    21110.310566031701455     1      981.8015178528     6440.3028899189     6782.5808449677
     -152.168246095999990    21110.504548336499283     1      978.5970106495     6452.9085151296     6796.5200867190
     -152.033056685800005    21102.982999843199650     1      983.7975562208     7621.7765064005     8291.2158898717
     -152.003455219599999    21102.032100956999784     1     1034.6491246116     7582.7730380272     8121.2224473672
     -151.872695490900014    21118.695443866101414     1     1007.1883617406     5591.3401018242     5763.0223866448
     -151.258240354200012    21101.044609127198783     1     1423.9603140172     6212.6446877437     6533.0112303513
     -151.042260072099992    21100.948818021301122     1     1080.2404973360     7291.4189608947     7850.5718030473
     -150.825815441000003    21109.766607230099908     1     1295.5887331201     4664.4823908187     5499.1921531202
     -150.726048940600009    21104.924164699601533     1     1295.9050098810     4656.3806976343     5494.2275800477
     -150.660779762099992    21099.952022570698318     1     1121.0434110625     6797.8961466043     7472.6534046424
     -150.617765073700014    21101.977760039000714     1     1056.1713056032     8674.3636917162     9191.8127176526
     -150.399862165299993    21106.555263310798182     1      877.2717620217     6375.0439790539     6658.6067350606
     -150.263659842300001    21105.622961009401479     1      865.3596835109     6421.8527992935     6705.2267999195
     -153.765944457600000    21113.929166653098946     1      864.7347210153     5507.3870810455     6022.7104505502
     -152.825779658599998    21113.826342861400917     1     1138.8321884710     4748.3878641290     5515.4683725539
     -152.468406195600011    21111.137388961600664     1     1199.1440616289     4910.8883456085     5681.5317847299
     -152.170574902099986    21112.732077056600247     1     1127.4544815737     4886.7576752497     5663.8527172962
     -151.972884473199997    21101.609545220599102     1     1114.7588523508     6188.3703396177     6995.6941824434
     -151.687901549600014    21100.950533729701419     1     1127.4514182468     5021.0962137565     5838.9935048125
     -151.637224207099990    21109.740721022899379     1     1202.5275308986     4545.1502390662     5407.3821826775
     -151.619357721900002    21099.529525300698879     1     1112.1224344066     6285.3664614037     7091.0375455361
     -151.595565429200008    21102.615365884099447     1     1122.2620841326     5649.0213822894     6179.9419628817
     -151.579494067300004    21113.312196567898354     1     1296.0903306538     5155.9058068632     5876.0372402441
     -151.427199216800005    21111.141719770301279     1     1168.6148215722     5363.3580153925     6126.1227792044
     -151.305189428400013    21099.285628061101306     1     1113.1672891770     5135.7893189538     5937.0816521815
     -151.247537976699988    21100.701668721099850     1     1116.5462334968     5770.3917505982     6268.9166393107
     -151.217312299399993    21100.134303966198786     1     1124.0095154588     5761.3190271459     6263.2859608671
     -150.957529349499993    21113.132846104501368     1     1130.4453553849     5904.8309145495     6583.5497788572
     -150.724282127300000    21109.477790399698279     1     1299.8426244411     4647.3625231496     5493.2725793539
     -153.435687973600011    21103.347842777999176     1     1044.5829956286     6826.4414031363     7545.5041628361
     -152.366812332100011    21102.551576567799202     1     1074.2322808987     6625.9743671857     7208.0422622624
     -152.022355003600012    21101.232438100898435     1     1050.8321780339     6776.1724020063     7335.6550843902
     -151.999800265999994    21102.027157528100361     1     1037.2081740787     7560.1427609050     8097.1330099056
     -151.876582414599994    21101.522173946901603     1     1049.2244828326     7524.8618969197     8084.0264702212
     -151.125550968600010    21099.786555396298354     1     1030.2687716554     8216.8536738775     8934.3559993914
     -151.088737008799995    21099.831942225901003     1     1030.9995419355     8217.8468333019     8947.3359681235
     -150.877193863900004    21100.390909801899397     1     1071.0367153925     7164.3884437043     7772.7270890451
     -150.240935772799986    21099.528761312998540     1     1093.8071507673     7215.0305973388     7841.1179308263
     -152.656166214499990    21100.047614313498343     1     1033.7232393576     6830.4438019341     7566.7905105904
     -152.379826139100004    21102.710612781498639     1     1051.9595525238     6139.0306588632     6703.1493794171
     -152.366254860999987    21102.725775246301055     1     1051.2252924772     6127.4564638749     6702.8327229836
     -152.277105462700007    21111.213230589200975     1      912.0841505878     6235.5248229302     6678.1858303980
     -152.219730381900007    21111.186299304899876     1      909.1253248162     6243.0224046800     6690.3591582689
     -152.191412778400007    21113.377524486699258     1     1141.0081284563     4792.9006566510     5551.1618622474
     -152.047107810900002    21100.526517574398895     1     1037.3925076522     6247.0306406303     6787.8052308395
     -152.024132788299994    21100.631369677001203     1     1031.9159091444     6212.7526901754     6765.9584985833
     -151.994944003000001    21101.227112638000108     1     1044.1894483128     7507.5695282444     8039.6729084056
     -151.966153918600014    21101.597652271200786     1     1120.0330205854     6171.8398322655     6983.5113451827
     -151.886180007000007    21103.028127759200288     1     1054.9395216766     7425.3152338023     7976.1635772324
     -151.682984153400014    21101.375968603198999     1     1111.2675609459     6126.7561913290     6935.2413243054
     -151.572885209199995    21110.312844119398505     1      918.6418470105     6230.9611861231     6693.0738438242
     -151.521417330300011    21109.601524000001518     1      924.9607043848     6742.7004050009     7270.6902983309
     -151.464214202899996    21109.576168912699359     1      921.5873154011     6753.5379558704     7279.9046082421
     -151.389364568500014    21111.871974650501215     1      918.7598738009     6169.0131656020     6528.4989691406
     -151.312027439300010    21100.330417738801771     1     1054.4529664977     7498.3735898136     8111.1510262435
     -151.294786183000014    21102.770964372299204     1     1051.3008515370     6634.2588070870     7141.7331861904
     -158.399965133699993    21137.017712499600748     1     1180.2086883297     2841.8433051951     3487.5093773687
     -158.328315300199989    21136.826676654600305     1     1173.5756625463     2857.4545454788     3510.5044837885
     -158.066590654200013    21130.640957554198394     1     1124.5796318121     3097.5457564621     3555.9702982505
     -157.925103259400004    21134.124002462398494     1     1180.7938184466     2885.1331116159     3536.7452523081
     -157.019401883999990    21132.514235857299354     1     1173.4055030304     3028.0104359477     3451.4635738500
     -156.782156533000006    21121.612665851200290     1     1439.9558389693     3163.9528738708     3828.9184012596
     -155.966774291200011    21123.436807558198780     1     1290.3920192350     3169.6924161986     3606.9938713098
     -155.275116828499989    21118.617323773898534     1     1448.8185470191     3345.7536646593     3851.3801568520
     -154.748518802200010    21111.819025710999995     1     1450.9563362817     3175.5870778351     3880.5172452066
     -154.515853999099988    21117.924122240801807     1     1315.2580363635     4087.9487914940     4720.9043024120
     -154.481935593299994    21109.083165730899054     1     1451.4604950313     3208.8554076908     3889.0014841151
     -154.130143754300008    21130.137316765198193     1     1215.2583326712     3196.8986726664     3669.1824944462
     -153.952377153300006    21124.627198712700192     1     1405.5481369511     2802.1100536587     3417.9452535386
     -153.848896922400002    21115.500601300300332     1     1132.7740717796     4012.7304980148     4427.8005559113
     -153.788863075699993    21115.421214166701247     1     1123.8797827158     4032.0218205114     4447.7584420030
     -153.484093287799993    21111.137285820601392     1      941.4648967165     5615.5509339092     6202.8488141938
     -153.170562549200014    21125.204406131899304     1     1009.2844540384     4487.1150341793     4672.7986917469
     -157.725127967399999    21128.378879905998474     1     1131.1429465923     3142.0411496170     3582.0577188918
     -156.956440213299999    21132.288263424001343     1     1166.4372906169     3045.4287780951     3476.8224083481
     -156.457375633699996    21119.290285678500368     1     1449.5573977924     3214.2141832223     3829.5689644660
     -155.726860993799988    21127.301866652800527     1     1018.9281733840     4085.4556404834     4494.7990613059
     -155.472822196200013    21122.697168713799329     1     1260.8464387645     3284.9187564994     3594.8792859383
     -154.882270740499990    21109.890294776800147     1     1361.9649433330     3959.9059783711     4666.9329816494
     -153.208666338299992    21113.326065638299042     1     1078.5603502413     4538.0411228408     5099.3522186424
     -153.180669007900008    21113.278446435801015     1     1066.0390299896     4534.9830265529     5087.4872429551
     -152.951786760999994    21100.761695898301696     1     1028.4053411395     6898.8247348466     7624.7017368377
     -152.158281711099988    21101.483983662801620     1     1420.5487554246     5922.3693649319     6499.1413713859
     -152.080087040800009    21114.929219857200223     1     1256.7128475129     3780.6091485003     4265.4327330404
     -151.806873132199996    21100.752904010099883     1     1033.9285705582     7813.6846371590     8538.7951788949
     -152.411830029300006    21099.643276639300893     1     1031.1377947308     5806.2364289824     6543.9564875812
     -151.962050397100001    21101.166011436500412     1     1043.2097883568     7480.7654540421     8086.4789483941
     -151.644371738699988    21099.573906837900722     1     1102.6728011310     6289.7888326894     7089.2049288547
     -151.611931347600006    21099.516685683498508     1     1116.7363993986     6268.7709174192     7079.6713387698
     -151.596504377000002    21099.592825688501762     1     1113.1949248496     6260.9685160025     7074.6258881012
     -151.368587178899986    21101.839646918000653     1     1038.8837524228     6729.2224792730     7238.9470574426
     -151.308607458900013    21098.797034281698870     1     1134.4865598217     6182.3282540725     7016.1378164836
     -151.291889253699992    21103.032107319399074     1     1000.4554072240     6982.3179707206     7440.7361592826
     -151.280325838000010    21103.089015635101532     1      991.2144320728     6995.2376385346     7456.0140244491
     -151.267100701299995    21101.366010691701376     1     1053.3549636360     6789.2837579061     7317.1554804462
     -154.391010276799989    21110.660861614000169     1     1253.6617303256     4734.0033346227     5155.6230926601
     -153.349344710100013    21109.899829765799950     1     1324.2033857520     4738.4237245229     5601.1943305147
     -153.202589141400011    21109.949976711101044     1     1330.2245059946     4777.8208346771     5637.6566277850
     -153.111419610700011    21110.297749336299603     1      956.7875535523     5529.7691093952     6135.1431077582
     -153.009086890399999    21102.119384702000389     1     1050.2179786613     6753.7023294966     7492.8283890773
     -152.913075839899989    21106.277502815100888     1     1165.8714738601     5417.2085858162     6042.1715488143
     -152.795814404200001    21100.480653381699085     1     1024.7133743238     6866.2893633074     7589.2177381697
     -152.672499940800009    21099.975365210499149     1     1035.5415909000     6834.6393763981     7573.6749214651
     -152.425628535700014    21108.480058348301100     1     1608.0008099977     4297.3466064272     5279.1048246546
     -152.263939184700007    21107.682657420300529     1     1636.3204353697     4136.9776558774     5155.0203799415
     -152.235630660299989    21109.863388601599581     1     1345.2399123173     5112.0309249212     5788.0136556252
     -152.006209020999989    21100.490250793500309     1     1050.5545537066     6762.9110575424     7334.3290523787
     -151.909985674300003    21102.481329273701704     1      996.0757874927     7592.5017547988     8276.2069815275
     -151.811977812799995    21100.699611272699258     1     1057.3543564229     7433.8714000169     8067.8934401603
     -151.758841950700003    21111.038961391299381     1      923.3327495165     6780.2761441820     7232.9780245215
     -156.378157567800002    21125.270087102100661     1     1002.8440256170     4507.5324224415     4649.5231180515
     -155.502580380700010    21126.060573434100661     1     1297.2228130081     2388.3681927129     2788.0904021097
     -155.478435801500012    21125.955167120799160     1     1297.1356348973     2389.5167970063     2798.4156233841
     -155.057008778000011    21123.507404127598420     1     1309.0055489592     2379.9427888322     2771.6764596345
     -154.810615261599992    21110.910599170998466     1     1376.8940218187     3812.6939111606     4512.0296968414
     -154.660270665199988    21123.753993552600150     1      878.4940526449     5666.2162424707     5773.9260299164
     -154.438786309800008    21118.249576526999590     1     1180.0347603825     3547.0451714129     3979.9508031531
     -154.248316167799999    21117.521694996401493     1     1183.8848062795     3602.7757952786     4008.0872429446
     -154.199821872000001    21117.417120785201405     1     1176.1365542336     3618.9170625182     4024.6032430054
     -154.065077231799989    21128.070625078100420     1     1109.4609637913     2918.8537924366     3183.8430277760
     -153.645403821900004    21125.762745780401019     1     1113.0522890820     2940.9791047017     3177.9898989919
     -153.466180029899988    21113.229065078499843     1      872.5088611056     5429.4459879000     5966.2505803641
     -153.113307959499991    21115.310107891698863     1     1139.7497670918     4669.2318378868     5431.2210680564
     -152.807623519999993    21114.635551115799899     1     1155.4626932113     4595.6580122127     5381.6704929107
     -152.730826442400001    21103.585454613799811     1     1055.4862842006     6179.9963575922     6749.0753545643
     -152.528826900500007    21113.063779307300138     1     1157.1499394724     4662.1567389517     5458.9813233061
     -152.381436670499994    21101.484740751398931     1     1027.2826608738     6291.0531410938     6826.4174150859
     -152.278256031300003    21107.916772357599257     1      903.2896189644     5213.6846738747     5792.0943235880
     -152.871858319706007    21119.129410080084199     1     1090.1449427856     4455.2497912404     4609.5555066244
     -154.491177180975995    21119.057413175902184     1     1164.8842150915     4013.2643959118     4388.9026073599
     -155.752076753186998    21118.076574165821512     1      913.4975355935     4920.2359590697     5192.1846742551
     -155.400569861007000    21122.230871283929446     1     1257.3844963482     3330.1229979747     3644.8169451833
     -158.044056940496006    21130.663430243010225     1     1115.9672761662     3112.2637228828     3577.8946859140
     -157.702902173392999    21129.777137439767102     1     1122.4140643166     3157.3063389622     3604.2405034441
     -153.803642220195997    21116.045683818691032     1      997.5373013230     5092.3507780081     5642.7205547412
     -153.620177139985998    21110.551946148621937     1     1165.3109125485     4434.7822768469     5154.8422334440
     -153.811276569121986    21110.104880865874293     1     1015.9482607679     4380.0496442934     4843.1908768961
     -153.310289697017993    21110.483658597408066     1     1192.0208294628     4323.7507789487     5076.1770209146
     -153.845583288162004    21110.275376822100952     1     1018.5543569939     4418.7003152009     4881.0177040187
     -153.292360553610990    21115.316630204280955     1     1113.4780546504     4297.3891424479     4874.0860774887
     -153.939963399259000    21117.577793997901608     1     1301.4322543478     3806.3222570363     4070.9267416631
     -153.687497963928990    21109.233849214026122     1     1159.4320415949     4439.6688644247     5168.1534447048
     -153.889924341441997    21114.383346916612936     1     1011.0365773666     4251.8026893159     4709.8270588559
     -153.371755742027005    21108.450357792331488     1     1190.1027865652     4339.3879457004     5098.1346412749
     -153.681927480013002    21109.158059446235711     1     1163.3579763396     4450.7898644395     5176.9229287074
     -155.771161644351992    21119.322338487931120     1     1114.6520802366     4495.4588598367     4906.4522040839
     -155.315355331966003    21120.189567699766485     1     1255.0100465078     4072.5513089867     4365.0631860807
     -153.583996570203993    21113.558133061447734     1     1253.1257079310     5163.4553746512     5517.9672543388
     -154.553105373141989    21111.416154920847475     1     1238.2043301525     4874.8709093809     5297.9294684509
     -153.738758613912012    21112.104631266174692     1     1355.6517874281     4243.9244342941     4856.1176740863
     -153.001961155807010    21118.667425597264810     1     1093.1707023386     4922.0892387809     5224.1117610578
     -152.291487833305013    21113.880251625174424     1      969.1606397750     5735.4779983203     6046.6464248106
     -152.008494643120002    21112.072871006224887     1     1382.4430459945     4017.8476067511     4198.0684250963
     -152.200541951210994    21114.998243101465050     1     1043.7838593084     4759.9807145242     5212.0197874438
     -153.766984232981997    21116.079611086781370     1     1212.0869181556     4764.7939316618     4849.0191230525
     -152.747616798888004    21115.082538162838318     1     1163.2953450396     4204.3795642913     4536.3589083575
     -152.109449333870998    21117.085050908572157     1     1124.8661314877     3723.8045645418     3950.8121813240
     -157.039331109252004    21132.602006263492513     1     1171.9059389619     3046.6632512199     3463.4628318530
     -153.667100973374005    21110.372968174200651     1     1380.6248805486     4201.3951747282     4771.9223289067
     -152.990891917081996    21118.731214945644751     1     1103.8954784372     4926.5189446349     5243.2808720880
     -153.643252660028992    21112.208845023313188     1     1348.2425363522     4261.6381158854     4867.5090373615
     -153.731770621675992    21112.117386203732167     1     1354.7574580627     4226.2530385228     4832.6779775358
     -152.994549143380993    21118.674125963774713     1     1093.2170545598     4898.5381160661     5200.0753806452
     -153.650254207471988    21112.226219714288163     1     1349.2612491707     4257.8421699347     4873.3323792349
     -150.811954173672007    21110.926005825796892     1     1323.9279823749     4011.0488302426     4483.5328440300
     -153.673972151647007    21110.999636014763382     1     1381.0578686492     4196.0998570858     4777.1896306747
     -152.966584123900986    21118.686334779780736     1     1091.5260761445     4925.9991995173     5225.9503493075
     -152.737716417385002    21115.091060431186634     1     1161.1968844818     4190.6273344611     4512.9797104947
     -153.995178782251003    21117.688732342285221     1     1559.9421665341     3372.0170392130     4164.5965390602
     -151.709930856335006    21103.684663981166523     1     1497.6485262463     4307.4212243406     4828.2455389169
     -153.201754577878006    21107.840866607246426     1     1139.1321250718     4603.9423099378     4935.7303945047
     -152.263134632611013    21111.130166315011593     1     1386.9477326751     3608.4787013871     4344.6174010020
     -152.275318944334998    21113.568008300309884     1     1404.1715983855     4017.5375832227     4831.8210018579
     -151.579684445971992    21102.217424792346719     1     1132.7941114993     5659.0251024887     6182.3826630697
     -151.831068081815999    21112.288960671077803     1     1374.6945607458     4058.5671078577     4904.5711053653
     -154.133874831589992    21124.319794808223378     1     1405.0252493942     3099.7907441523     3813.3263150057
     -151.938995272113004    21106.509558656551235     1     1395.5869797772     4456.8624090516     5172.7665048174
     -151.930419905377988    21108.623010235965921     1     1402.9456352333     4441.1096636424     5180.7057119112
     -155.630183394186986    21134.816051438912837     1     1408.2725958606     2723.7342325206     3478.7424577046
     -153.175547951369992    21115.291197437480150     1     1120.1997037812     4304.2257201863     4888.5653855517
     -152.920253488360999    21106.282973137072986     1     1167.7622965586     5409.8528095236     6048.0498757315
     -157.996858223434003    21134.329066504749790     1     1187.5374966399     2868.5108964439     3512.4456782576
     -155.308568099264988    21117.496080234825058     1     1090.1720890745     4608.7516531921     5024.5558136301
     -152.208313178260994    21116.007896607359726     1     1038.2740211029     4789.1879010023     5235.5128862635
     -152.213996303789003    21115.624433982855408     1     1049.5459023699     4794.0334489972     5255.2141393567
     -153.578315978711004    21112.805288463910983     1     1250.4412357062     5174.8566196536     5515.3482703177
     -151.808986078357009    21105.831412120816822     1     1110.7369662905     5928.6097321723     6391.3122654814
     -150.567263907023005    21118.527043898317061     1     1093.9414582372     4517.2714997886     4860.3743331228
     -154.027092583763988    21116.834845554116328     1     1124.9388193570     5006.9598086284     5131.8819239178
     -157.172135556337992    21126.086104357404110     1     1465.9862812866     2910.2381484154     3587.5350502038
     -152.570796062390997    21108.548744547919341     1     1552.5649603927     3517.4657213699     4155.2728860826
     -154.977161026591006    21116.853834079585795     1     1546.1759028751     2832.7716498104     3278.8068695998
     -153.539957773791997    21110.979645810788497     1     1181.9628987786     3887.0196620115     4276.9758331629
     -152.688359372377988    21127.617645355141576     1     1154.5771602100     3621.2847472805     3741.0973079739
     -153.751728724412999    21115.966323006432503     1      994.2657454969     5102.0973161883     5660.4041620415
     -152.485804338821993    21115.196579984905839     1     1308.4796299642     4439.9052623721     5198.4855132130
     -152.127620446858003    21114.699896098147292     1     1614.9537244065     3343.2195518323     3798.9930670517
     -152.129795962210011    21114.706096814112243     1     1602.3333353297     3358.5684121953     3796.9531684352
     -152.474113253787010    21115.186116478977056     1     1314.3914103425     4425.4907861639     5207.9300280949
     -152.266896700706013    21113.571871798922075     1     1409.9812271529     4008.1297747395     4848.0202119367
     -151.825361789358993    21112.293617937670206     1     1379.1444592253     4047.9383777272     4915.2506998718
     -154.407953372007000    21110.660678567925061     1     1245.2403713290     4861.2723373975     5295.6929864688
     -153.150918174904007    21115.298653469304554     1     1112.3697675958     4327.0594908454     4905.3006740272
     -154.724189072082993    21112.421004307903786     1     1327.8166981003     4048.1920907672     4805.3622606761
     -155.126099031780001    21111.559430955163407     1     1354.6012462129     3892.9511084959     4621.1210431617
     -154.888441691525003    21109.895472294982028     1     1362.5245497962     3950.3529766847     4675.7581609545
     -154.763268308270995    21109.109374475450750     1     1358.8370154820     3973.6479531080     4707.4926183367
     -154.698738701017987    21118.112245540836739     1     1221.7400509258     4364.6272347527     4510.6533983543
     -155.729094678489986    21119.303398930569529     1     1112.4888956075     4501.9645063422     4916.1135660876
     -153.141552162781011    21105.688374129556905     1     1137.7918832151     4600.6464008437     4934.7239080176
     -155.558543675907003    21120.633745347211516     1     1571.7678977330     2683.8914402008     3215.1204517418
     -155.010505146837005    21117.382830723883671     1     1041.0214255928     3862.3255735441     4216.4154476434
     -152.736801067017012    21122.692580377279228     1     1131.1397352940     3933.3610660197     4167.6076633768
     -154.590852453661995    21117.855620142003318     1     1126.7777003228     4665.4222625357     4927.6194911785
     -153.303306099923986    21109.958753269987938     1      968.4126050711     4666.7771686883     5012.5829057795
     -153.280973376618988    21123.219355255394476     1     1168.6616914304     3696.0195335195     3931.7033815537
     -152.554878637515998    21114.660321061623108     1      998.3407289299     4680.9849872678     4845.1238820081
     -152.716477313914993    21114.418619459320325     1     1120.8732516677     3961.5126018006     4115.7949760443
     -154.457137613208999    21122.009779186242667     1     1418.4900810249     3278.7707226279     3826.7442210288
     -152.845449611492995    21103.960970881711546     1     1132.3326141491     4573.5023159031     4914.2127273996
     -156.197898016375007    21134.792934838766087     1     1252.1983148791     2732.4134960268     3483.9239369820
     -157.733441695663998    21133.484594328776438     1     1200.0119379957     2799.6042703046     3447.8637994074
     -154.815301291877006    21112.252326382771571     1     1332.4081920282     4037.6461882887     4788.9736236699
     -154.051710697418997    21118.941442312774598     1     1077.0594766223     4584.1314379009     5119.2905099353
     -154.025314636853011    21115.922131089326285     1     1129.6069953150     3950.9629554009     4383.9313967228
     -154.190095197100987    21119.121587939251185     1     1071.8456889334     4558.5692785607     5096.7778105766
     -152.397160832699001    21105.804742097956478     1     1016.1398861598     5225.4819745080     5775.2151242078
     -152.433098254622990    21105.068327476947161     1     1026.6510792168     5189.6595259051     5737.5260170744
     -153.369532487473009    21112.245409492817998     1     1326.7203225158     4240.3866816880     4736.2671813153
     -153.432738974328998    21112.267801140962547     1     1256.1292009650     5158.7083997219     5515.7304580629
     -153.158795480155987    21113.304122929759615     1     1072.2529149732     4551.8461257161     5121.8370957363
     -153.576883010112994    21119.313823695218161     1     1136.0876052793     4355.1116679904     4571.5784130155
     -152.192014782255001    21114.918361164898670     1     1043.6405879694     4816.4746942300     5267.5751705666
     -154.701617760006997    21111.442571076273452     1     1230.2833657674     4835.8789437934     5269.9792054841
     -154.401190337005005    21110.646017679464421     1     1241.9924106120     4876.9382755746     5289.0406608549
     -153.945663484181011    21117.392636406188103     1     1080.2677565239     4512.0280356258     4905.9625422541
     -153.156252945998006    21115.255152864832780     1     1123.4760913105     4332.4377328052     4924.1531968339
     -152.384446354103005    21105.215699953387229     1     1027.9266034530     5327.3180783734     5853.2144012710
     -153.180953420978000    21115.241526462010370     1     1131.8735929457     4309.0855222107     4907.1799316928
     -155.773025609864987    21121.241672262764041     1     1654.2417347257     2773.5119395102     3397.3730378864
     -154.605068967816010    21123.450126465886569     1     1545.2834865650     2629.4993612647     3198.1666312598
     -154.554986328630008    21119.069181290604320     1     1166.8936098837     4010.9110058506     4386.7650130023
     -155.057886207420012    21120.717105841031298     1     1313.9461527691     3627.3506738232     4318.4411215893
     -152.349720530208003    21117.351937568870198     1     1422.0907197246     3446.5620019330     3946.3297986204
     -151.874187730621003    21100.721491589603829     1     1253.8548427618     4474.8818178403     5355.5420777291
     -150.921143005033997    21110.773378425972624     1     1054.4181967895     4915.6318282652     5351.0364867110
     -153.757180930913989    21120.733024904257036     1     1499.9991289884     3451.4409205349     3851.6666375849
     -151.739350721439990    21110.786904474090989     1     1430.8123305371     3706.6093169781     4203.1389881468
     -153.250222802736999    21118.379857575881033     1     1329.3487467709     3860.1610998926     4431.8708484719
     -154.947464528826998    21119.416611078475398     1     1340.2524789076     3451.5063999681     4090.0137256344
     -153.259006011512014    21118.423410378076369     1     1326.1725999475     3867.4650040045     4420.7009063341
     -154.951013979359004    21121.348223308836168     1     1335.4242156248     3459.1078398734     4081.9668399325
     -151.495120459507007    21116.361159996275092     1     1290.5855037810     4031.7613328026     4501.1895556186
     -151.665990482557987    21114.543977267068840     1     1314.2343738392     4196.6205836851     4702.2350630049
     -151.067980375236004    21116.806447984527040     1      958.0589728944     4704.2813285280     4780.5799821392
     -151.668290683634012    21123.829109175268968     1      953.9549005077     4297.0794660213     4482.3897366009
     -151.884120179413003    21116.296982135216240     1      898.7929790033     5036.3428081942     5126.2109629540
     -151.522817929562990    21116.383622823948826     1     1282.7909757834     4022.8420905663     4479.3606255783
     -152.929050158753995    21116.458365230999334     1      997.0576715474     4616.2608509324     4788.0022199052
     -151.783658486203990    21115.458574673109979     1     1306.8701192050     4106.1615081529     4494.3778124022
     -155.156639705191992    21120.931550138669991     1     1299.1068562134     3619.4833369348     4253.5463261153
     -155.628906953219001    21119.079314002305182     1     1167.2955176133     4334.5280033373     4683.1820561695
     -153.964682506146005    21115.838828000178182     1     1120.7296225034     3971.3215598102     4405.2670148445
     -153.343378013499006    21125.533957669827942     1     1001.6930002624     4439.4948911053     4634.5069533493
     -152.564982133449007    21121.143907204434072     1     1791.1372262504     2899.4700234894     3796.3386811086
     -152.394051681693014    21114.866717141027038     1     1410.7958962502     3470.2373812968     3962.4730879441
     -151.506901952941007    21116.360230086476804     1     1286.6339694730     4043.4194295002     4490.7609795904
     -151.762837289359993    21125.541937547895941     1     1251.9511197131     3895.3240687737     4330.0786151452
     -150.713713638099989    21125.936758415904478     1     1293.4304866186     3811.8203294610     4260.4651643610
     -154.788331359474000    21128.220332614066137     1     1311.6394223827     3297.0356507816     3879.7502826383
     -151.691942682692002    21127.276753243677376     1     1187.0048020388     3871.2872684526     4108.0850824156
     -151.675276888478010    21114.539381084308843     1     1309.8574757120     4210.2586410841     4694.5032087435
     -151.914562701226004    21116.608817030341015     1      904.5540502643     5011.2731444661     5196.5270062451
     -152.695412063231004    21112.610659652003960     1     1677.8012517818     3625.6335074929     4327.4048542586
     -152.410964473196003    21126.820650991441653     1     1340.7038591865     3002.5555073877     3542.0915275317
     -152.843864923535989    21120.447728310817183     1     1205.6295395998     4083.6464452540     4664.9356721779
     -151.923733952974999    21110.236692771250091     1     1285.6257772029     4072.6296734053     4744.2836248685
     -151.748586348216008    21125.513774511662632     1     1256.5126524205     3884.7792381123     4344.3451429100
     -150.646116669621989    21125.671705775574083     1     1298.3194288219     3804.1145454665     4274.2440650823
     -151.515683606282010    21116.394493965563015     1     1286.7385200175     4010.8199589864     4488.8582285809
     -151.742177907568987    21128.415176976224757     1     1189.5383519147     3857.7416760488     4114.3340665071
     -154.779499396314009    21128.181370724450971     1     1313.7651342852     3292.4117550959     3891.7200314925
     -151.777601811691000    21115.476015616448421     1     1310.9778185430     4095.4419475914     4502.6741452225
     -151.342902175214988    21109.641055227293691     1     1136.9052737426     4743.0509217834     4974.2050164707
     -150.935654803971005    21116.562656115027494     1      974.2787594527     4712.4543580203     4797.1737773561
     -152.205705198314007    21124.332651020260528     1     1370.9291273237     3433.8266478804     4008.8335252162
     -151.246085929223995    21115.302951439014578     1     1459.9111249490     3337.3808664908     3973.0157238362
     -150.429632444873988    21114.132704026982537     1     1672.1393678350     3468.0956359864     4066.1694507606
     -152.684139840776993    21112.612490718915069     1     1678.8253440862     3639.5851952867     4301.1259404969
