 0.1000000000E-00001 -155.1599042        -15515.98957       -0.8503261123E-00005  324.0435975       
 0.1100000000E-00001 -154.8358484        -14075.98459       -0.1793460216E-00004  324.0690051       
 0.1200000000E-00001 -154.5117645        -12875.97757       -0.3364814969E-00004  324.0995454       
 0.1300000000E-00001 -154.1876481        -11860.58388       -0.5765509544E-00004  324.1338289       
 0.1400000000E-00001 -153.8634961        -10990.24315       -0.9194585803E-00004  324.1703345       
 0.1500000000E-00001 -153.5393071        -10235.94458       -0.1383867236E-00003  324.2076104       
 0.1600000000E-00001 -153.2150811        -9575.930151       -0.1986481777E-00003  324.2443936       
 0.1700000000E-00001 -152.8908189        -8993.561453       -0.2741627081E-00003  324.2796691       
 0.1800000000E-00001 -152.5665225        -8475.897576       -0.3661069528E-00003  324.3126853       
 0.1900000000E-00001 -152.2421944        -8012.722053       -0.4754024056E-00003  324.3429456       
 0.2000000000E-00001 -151.9178376        -7595.861743       -0.6027293752E-00003  324.3701872       
 0.2100000000E-00001 -151.5934551        -7218.700310       -0.7485498427E-00003  324.3943543       
 0.2200000000E-00001 -151.2690499        -6875.824397       -0.9131358691E-00003  324.4155727       
 0.2300000000E-00001 -150.9446248        -6562.762096       -0.1096601096E-00002  324.4341244       
 0.2400000000E-00001 -150.6201824        -6275.786810       -0.1298933585E-00002  324.4504247       
 0.2500000000E-00001 -150.2957245        -6011.768180       -0.1520028744E-00002  324.4650008       
 0.2600000000E-00001 -149.9712527        -5768.057424       -0.1759721474E-00002  324.4784709       
 0.2700000000E-00001 -149.6467677        -5542.398145       -0.2017816872E-00002  324.4915243       
 0.2800000000E-00001 -149.3222696        -5332.856267       -0.2294119029E-00002  324.5049018       
 0.2900000000E-00001 -148.9977576        -5137.764452       -0.2588457545E-00002  324.5193757       
 0.3000000000E-00001 -148.6732302        -4955.677650       -0.2900711487E-00002  324.5357311       
 0.3100000000E-00001 -148.3486852        -4785.337238       -0.3230830575E-00002  324.5547472       
 0.3200000000E-00001 -148.0241196        -4625.641897       -0.3578853449E-00002  324.5771800       
 0.3300000000E-00001 -147.6995295        -4475.623774       -0.3944922933E-00002  324.6037460       
 0.3400000000E-00001 -147.3749105        -4334.428858       -0.4329298249E-00002  324.6351074       
 0.3500000000E-00001 -147.0502575        -4201.300717       -0.4732364214E-00002  324.6718594       
 0.3600000000E-00001 -146.7255648        -4075.566949       -0.5154637457E-00002  324.7145187       
 0.3700000000E-00001 -146.4008263        -3956.627826       -0.5596769789E-00002  324.7635148       
 0.3800000000E-00001 -146.0760355        -3843.946736       -0.6059548842E-00002  324.8191823       
 0.3900000000E-00001 -145.7511856        -3737.042096       -0.6543896147E-00002  324.8817557       
 0.4000000000E-00001 -145.4262697        -3635.480470       -0.7050862859E-00002  324.9513662       
 0.4100000000E-00001 -145.1012806        -3538.870706       -0.7581623314E-00002  325.0280403       
 0.4200000000E-00001 -144.7762113        -3446.858900       -0.8137466668E-00002  325.1116994       
 0.4300000000E-00001 -144.4510549        -3359.124072       -0.8719786840E-00002  325.2021626       
 0.4400000000E-00001 -144.1258048        -3275.374425       -0.9330071004E-00002  325.2991499       
 0.4500000000E-00001 -143.8004545        -3195.344103       -0.9969886885E-00002  325.4022875       
 0.4600000000E-00001 -143.4749983        -3118.790379       -0.1064086909E-00001  325.5111142       
 0.4700000000E-00001 -143.1494306        -3045.491189       -0.1134470475E-00001  325.6250896       
 0.4800000000E-00001 -142.8237466        -2975.242989       -0.1208311866E-00001  325.7436030       
 0.4900000000E-00001 -142.4979421        -2907.858862       -0.1285785827E-00001  325.8659831       
 0.5000000000E-00001 -142.1720136        -2843.166858       -0.1367067855E-00001  325.9915091       
 0.5100000000E-00001 -141.8459583        -2781.008529       -0.1452332720E-00001  326.1194216       
 0.5200000000E-00001 -141.5197742        -2721.237628       -0.1541753015E-00001  326.2489346       
 0.5300000000E-00001 -141.1934602        -2663.718966       -0.1635497779E-00001  326.3792473       
 0.5400000000E-00001 -140.8670157        -2608.327378       -0.1733731180E-00001  326.5095553       
 0.5500000000E-00001 -140.5404413        -2554.946822       -0.1836611305E-00001  326.6390624       
 0.5600000000E-00001 -140.2137381        -2503.469558       -0.1944289040E-00001  326.7669910       
 0.5700000000E-00001 -139.8869081        -2453.795422       -0.2056907073E-00001  326.8925924       
 0.5800000000E-00001 -139.5599539        -2405.831172       -0.2174599008E-00001  327.0151557       
 0.5900000000E-00001 -139.2328790        -2359.489901       -0.2297488614E-00001  327.1340160       
 0.6000000000E-00001 -138.9056874        -2314.690508       -0.2425689196E-00001  327.2485610       
 0.6100000000E-00001 -138.5783835        -2271.357221       -0.2559303102E-00001  327.3582369       
 0.6200000000E-00001 -138.2509727        -2229.419169       -0.2698421349E-00001  327.4625524       
 0.6300000000E-00001 -137.9234604        -2188.809986       -0.2843123381E-00001  327.5610821       
 0.6400000000E-00001 -137.5958526        -2149.467465       -0.2993476948E-00001  327.6534677       
 0.6500000000E-00001 -137.2681556        -2111.333234       -0.3149538089E-00001  327.7394189       
 0.6600000000E-00001 -136.9403759        -2074.352461       -0.3311351229E-00001  327.8187128       
 0.6700000000E-00001 -136.6125204        -2038.473596       -0.3478949368E-00001  327.8911918       
 0.6800000000E-00001 -136.2845959        -2003.648122       -0.3652354355E-00001  327.9567617       
 0.6900000000E-00001 -135.9566092        -1969.830340       -0.3831577244E-00001  328.0153876       
 0.7000000000E-00001 -135.6285674        -1936.977160       -0.4016618709E-00001  328.0670909       
 0.7100000000E-00001 -135.3004773        -1905.047924       -0.4207469522E-00001  328.1119437       
 0.7200000000E-00001 -134.9723457        -1874.004231       -0.4404111069E-00001  328.1500651       
 0.7300000000E-00001 -134.6441794        -1843.809784       -0.4606515907E-00001  328.1816153       
 0.7400000000E-00001 -134.3159846        -1814.430245       -0.4814648349E-00001  328.2067911       
 0.7500000000E-00001 -133.9877678        -1785.833109       -0.5028465056E-00001  328.2258202       
 0.7600000000E-00001 -133.6595350        -1757.987576       -0.5247915655E-00001  328.2389566       
 0.7700000000E-00001 -133.3312918        -1730.864446       -0.5472943344E-00001  328.2464756       
 0.7800000000E-00001 -133.0030438        -1704.436012       -0.5703485501E-00001  328.2486691       
 0.7900000000E-00001 -132.6747961        -1678.675967       -0.5939474283E-00001  328.2458411       
 0.8000000000E-00001 -132.3465537        -1653.559316       -0.6180837209E-00001  328.2383043       
 0.8100000000E-00001 -132.0183210        -1629.062296       -0.6427497720E-00001  328.2263757       
 0.8200000000E-00001 -131.6901023        -1605.162299       -0.6679375729E-00001  328.2103739       
 0.8300000000E-00001 -131.3619015        -1581.837802       -0.6936388129E-00001  328.1906160       
 0.8400000000E-00001 -131.0337222        -1559.068306       -0.7198449294E-00001  328.1674149       
 0.8500000000E-00001 -130.7055677        -1536.834270       -0.7465471530E-00001  328.1410774       
 0.8600000000E-00001 -130.3774410        -1515.117062       -0.7737365521E-00001  328.1119023       
 0.8700000000E-00001 -130.0493447        -1493.898900       -0.8014040724E-00001  328.0801789       
 0.8800000000E-00001 -129.7212814        -1473.162811       -0.8295405745E-00001  328.0461855       
 0.8900000000E-00001 -129.3932530        -1452.892577       -0.8581368689E-00001  328.0101892       
 0.9000000000E-00001 -129.0652616        -1433.072702       -0.8871837473E-00001  327.9724442       
 0.9100000000E-00001 -128.7373087        -1413.688368       -0.9166720114E-00001  327.9331924       
 0.9200000000E-00001 -128.4093956        -1394.725395       -0.9465924995E-00001  327.8926624       
 0.9300000000E-00001 -128.0815237        -1376.170216       -0.9769361098E-00001  327.8510696       
 0.9400000000E-00001 -127.7536938        -1358.009834       -0.1007693822         327.8086165       
 0.9500000000E-00001 -127.4259067        -1340.231800       -0.1038856716         327.7654925       
 0.9600000000E-00001 -127.0981630        -1322.824181       -0.1070415989         327.7218745       
 0.9700000000E-00001 -126.7704630        -1305.775533       -0.1102362969         327.6779269       
 0.9800000000E-00001 -126.4428072        -1289.074880       -0.1134689129         327.6338026       
 0.9900000000E-00001 -126.1151954        -1272.711685       -0.1167386100         327.5896429       
 0.1000000000        -125.7876278        -1256.675833       -0.1200445675         327.5455783       
 0.1010000000        -125.4601042        -1240.957606       -0.1233859824         327.5017291       
 0.1020000000        -125.1326243        -1225.547669       -0.1267620693         327.4582058       
 0.1030000000        -124.8051877        -1210.437045       -0.1301720618         327.4151096       
 0.1040000000        -124.4777939        -1195.617103       -0.1336152124         327.3725333       
 0.1050000000        -124.1504424        -1181.079539       -0.1370907928         327.3305617       
 0.1060000000        -123.8231325        -1166.816363       -0.1405980944         327.2892719       
 0.1070000000        -123.4958636        -1152.819880       -0.1441364286         327.2487343       
 0.1080000000        -123.1686348        -1139.082682       -0.1477051265         327.2090125       
 0.1090000000        -122.8414453        -1125.597631       -0.1513035391         327.1701645       
 0.1100000000        -122.5142942        -1112.357847       -0.1549310374         327.1322426       
 0.1110000000        -122.1871805        -1099.356698       -0.1585870123         327.0952942       
 0.1120000000        -121.8601032        -1086.587789       -0.1622708744         327.0593621       
 0.1130000000        -121.5330614        -1074.044950       -0.1659820538         327.0244848       
 0.1140000000        -121.2060539        -1061.722227       -0.1697200002         326.9906970       
 0.1150000000        -120.8790796        -1049.613873       -0.1734841824         326.9580298       
 0.1160000000        -120.5521375        -1037.714339       -0.1772740881         326.9265113       
 0.1170000000        -120.2252262        -1026.018265       -0.1810892238         326.8961666       
 0.1180000000        -119.8983447        -1014.520471       -0.1849291147         326.8670184       
 0.1190000000        -119.5714918        -1003.215954       -0.1887933038         326.8390869       
 0.1200000000        -119.2446661        -992.0998732       -0.1926813523         326.8123903       
 0.1210000000        -118.9178666        -981.1675515       -0.1965928388         326.7869448       
 0.1220000000        -118.5910918        -970.4144628       -0.2005273593         326.7627652       
 0.1230000000        -118.2643406        -959.8362284       -0.2044845268         326.7398646       
 0.1240000000        -117.9376117        -949.4286104       -0.2084639710         326.7182550       
 0.1250000000        -117.6109037        -939.1875067       -0.2124653380         326.6979471       
 0.1260000000        -117.2842153        -929.1089448       -0.2164882898         326.6789506       
 0.1270000000        -116.9575453        -919.1890774       -0.2205325045         326.6612746       
 0.1280000000        -116.6308923        -909.4241771       -0.2245976753         326.6449272       
 0.1290000000        -116.3042550        -899.8106319       -0.2286835109         326.6299161       
 0.1300000000        -115.9776321        -890.3449410       -0.2327897346         326.6162484       
 0.1310000000        -115.6510221        -881.0237099       -0.2369160845         326.6039309       
 0.1320000000        -115.3244237        -871.8436472       -0.2410623129         326.5929699       
 0.1330000000        -114.9978357        -862.8015602       -0.2452281862         326.5833718       
 0.1340000000        -114.6712565        -853.8943512       -0.2494134844         326.5751427       
 0.1350000000        -114.3446849        -845.1190144       -0.2536180013         326.5682886       
 0.1360000000        -114.0181195        -836.4726321       -0.2578415435         326.5628158       
 0.1370000000        -113.6915589        -827.9523717       -0.2620839311         326.5587304       
 0.1380000000        -113.3650016        -819.5554825       -0.2663449966         326.5560390       
 0.1390000000        -113.0384463        -811.2792930       -0.2706245851         326.5547481       
 0.1400000000        -112.7118916        -803.1212076       -0.2749225541         326.5548650       
 0.1410000000        -112.3853361        -795.0787045       -0.2792387732         326.5563970       
 0.1420000000        -112.0587784        -787.1493326       -0.2835731237         326.5593520       
 0.1430000000        -111.7322169        -779.3307093       -0.2879254987         326.5637386       
 0.1440000000        -111.4056504        -771.6205180       -0.2922958030         326.5695658       
 0.1450000000        -111.0790773        -764.0165059       -0.2966839523         326.5768434       
 0.1460000000        -110.7524962        -756.5164818       -0.3010898740         326.5855819       
 0.1470000000        -110.4259057        -749.1183139       -0.3055135060         326.5957927       
 0.1480000000        -110.0993041        -741.8199280       -0.3099547973         326.6074880       
 0.1490000000        -109.7726902        -734.6193052       -0.3144137077         326.6206811       
 0.1500000000        -109.4460623        -727.5144804       -0.3188902074         326.6353862       
 0.1510000000        -109.1194189        -720.5035405       -0.3233842773         326.6516189       
 0.1520000000        -108.7927585        -713.5846225       -0.3278959083         326.6693957       
 0.1530000000        -108.4660796        -706.7559117       -0.3324251021         326.6887347       
 0.1540000000        -108.1393805        -700.0156406       -0.3369718701         326.7096552       
 0.1550000000        -107.8126597        -693.3620871       -0.3415362341         326.7321781       
 0.1560000000        -107.4859156        -686.7935731       -0.3461182259         326.7563257       
 0.1570000000        -107.1591465        -680.3084628       -0.3507178873         326.7821220       
 0.1580000000        -106.8323508        -673.9051617       -0.3553352701         326.8095930       
 0.1590000000        -106.5055268        -667.5821154       -0.3599704359         326.8387663       
 0.1600000000        -106.1786727        -661.3378079       -0.3646234564         326.8696715       
 0.1610000000        -105.8517869        -655.1707605       -0.3692944132         326.9023403       
 0.1620000000        -105.5248674        -649.0795311       -0.3739833977         326.9368064       
 0.1630000000        -105.1979126        -643.0627124       -0.3786905116         326.9731060       
 0.1640000000        -104.8709206        -637.1189313       -0.3834158662         327.0112774       
 0.1650000000        -104.5438894        -631.2468476       -0.3881595830         327.0513614       
 0.1660000000        -104.2168172        -625.4451532       -0.3929217939         327.0934016       
 0.1670000000        -103.8897020        -619.7125708       -0.3977026405         327.1374440       
 0.1680000000        -103.5625417        -614.0478534       -0.4025022751         327.1835375       
 0.1690000000        -103.2353342        -608.4497830       -0.4073208602         327.2317337       
 0.1700000000        -102.9080775        -602.9171700       -0.4121585689         327.2820876       
 0.1710000000        -102.5807693        -597.4488520       -0.4170155849         327.3346568       
 0.1720000000        -102.2534074        -592.0436936       -0.4218921027         327.3895024       
 0.1730000000        -101.9259895        -586.7005848       -0.4267883278         327.4466887       
 0.1740000000        -101.5985132        -581.4184410       -0.4317044769         327.5062835       
 0.1750000000        -101.2709761        -576.1962019       -0.4366407781         327.5683580       
 0.1760000000        -100.9433756        -571.0328305       -0.4415974709         327.6329870       
 0.1770000000        -100.6157093        -565.9273132       -0.4465748066         327.7002491       
 0.1780000000        -100.2879742        -560.8786584       -0.4515730487         327.7702266       
 0.1790000000        -99.96016786        -555.8858960       -0.4565924729         327.8430058       
 0.1800000000        -99.63228727        -550.9480772       -0.4616333675         327.9186768       
 0.1810000000        -99.30432951        -546.0642734       -0.4666960336         327.9973339       
 0.1820000000        -98.97629157        -541.2335757       -0.4717807856         328.0790755       
 0.1830000000        -98.64817030        -536.4550948       -0.4768879512         328.1640042       
 0.1840000000        -98.31996246        -531.7279597       -0.4820178721         328.2522267       
 0.1850000000        -97.99166471        -527.0513179       -0.4871709042         328.3438543       
 0.1860000000        -97.66327358        -522.4243342       -0.4923474178         328.4390025       
 0.1870000000        -97.33478549        -517.8461909       -0.4975477983         328.5377912       
 0.1880000000        -97.00619675        -513.3160867       -0.5027724464         328.6403447       
 0.1890000000        -96.67750351        -508.8332367       -0.5080217785         328.7467918       
 0.1900000000        -96.34870182        -504.3968715       -0.5132962272         328.8572659       
 0.1910000000        -96.01978759        -500.0062374       -0.5185962420         328.9719045       
 0.1920000000        -95.69075657        -495.6605952       -0.5239222891         329.0908499       
 0.1930000000        -95.36160440        -491.3592205       -0.5292748526         329.2142485       
 0.1940000000        -95.03232654        -487.1014026       -0.5346544345         329.3422511       
 0.1950000000        -94.70291831        -482.8864449       -0.5400615553         329.4750128       
 0.1960000000        -94.37337488        -478.7136639       -0.5454967548         329.6126930       
 0.1970000000        -94.04369123        -474.5823890       -0.5509605921         329.7554547       
 0.1980000000        -93.71386222        -470.4919625       -0.5564536467         329.9034652       
 0.1990000000        -93.38388250        -466.4417386       -0.5619765185         330.0568955       
 0.2000000000        -93.05374656        -462.4310837       -0.5675298287         330.2159199       
 0.2010000000        -92.72344873        -458.4593757       -0.5731142205         330.3807162       
 0.2020000000        -92.39298315        -454.5260039       -0.5787303590         330.5514652       
 0.2030000000        -92.06234376        -450.6303686       -0.5843789324         330.7283506       
 0.2040000000        -91.73152434        -446.7718808       -0.5900606524         330.9115583       
 0.2050000000        -91.40051847        -442.9499620       -0.5957762547         331.1012765       
 0.2060000000        -91.06931955        -439.1640439       -0.6015264994         331.2976950       
 0.2070000000        -90.73792078        -435.4135682       -0.6073121720         331.5010050       
 0.2080000000        -90.40631518        -431.6979860       -0.6131340835         331.7113982       
 0.2090000000        -90.07449556        -428.0167583       -0.6189930713         331.9290668       
 0.2100000000        -89.74245456        -424.3693550       -0.6248899995         332.1542026       
 0.2110000000        -89.41018460        -420.7552552       -0.6308257595         332.3869962       
 0.2120000000        -89.07767795        -417.1739466       -0.6368012707         332.6276370       
 0.2130000000        -88.74492665        -413.6249257       -0.6428174806         332.8763114       
 0.2140000000        -88.41192259        -410.1076973       -0.6488753659         333.1332033       
 0.2150000000        -88.07865745        -406.6217745       -0.6549759321         333.3984921       
 0.2160000000        -87.74512275        -403.1666784       -0.6611202148         333.6723525       
 0.2170000000        -87.41130983        -399.7419380       -0.6673092794         333.9549532       
 0.2180000000        -87.07720987        -396.3470901       -0.6735442220         334.2464561       
 0.2190000000        -86.74281390        -392.9816791       -0.6798261692         334.5470151       
 0.2200000000        -86.40811278        -389.6452568       -0.6861562789         334.8567749       
 0.2210000000        -86.07309724        -386.3373823       -0.6925357402         335.1758700       
 0.2220000000        -85.73775788        -383.0576221       -0.6989657737         335.5044233       
 0.2230000000        -85.40208520        -379.8055496       -0.7054476316         335.8425448       
 0.2240000000        -85.06606957        -376.5807454       -0.7119825977         336.1903305       
 0.2250000000        -84.72970129        -373.3827969       -0.7185719875         336.5478605       
 0.2260000000        -84.39297058        -370.2112984       -0.7252171482         336.9151980       
 0.2270000000        -84.05586761        -367.0658509       -0.7319194585         337.2923876       
 0.2280000000        -83.71838251        -363.9460622       -0.7386803281         337.6794540       
 0.2290000000        -83.38050541        -360.8515468       -0.7455011978         338.0764002       
 0.2300000000        -83.04222643        -357.7819256       -0.7523835390         338.4832061       
 0.2310000000        -82.70353572        -354.7368263       -0.7593288532         338.8998268       
 0.2320000000        -82.36442352        -351.7158830       -0.7663386712         339.3261913       
 0.2330000000        -82.02488013        -348.7187364       -0.7734145527         339.7622008       
 0.2340000000        -81.68489595        -345.7450336       -0.7805580853         340.2077271       
 0.2350000000        -81.34446155        -342.7944284       -0.7877708840         340.6626111       
 0.2360000000        -81.00356767        -339.8665809       -0.7950545894         341.1266616       
 0.2370000000        -80.66220525        -336.9611577       -0.8024108674         341.5996536       
 0.2380000000        -80.32036547        -334.0778322       -0.8098414074         342.0813275       
 0.2390000000        -79.97803980        -331.2162840       -0.8173479211         342.5713872       
 0.2400000000        -79.63522001        -328.3761995       -0.8249321410         343.0694996       
 0.2410000000        -79.29189824        -325.5572715       -0.8325958185         343.5752934       
 0.2420000000        -78.94806700        -322.7591995       -0.8403407226         344.0883583       
 0.2430000000        -78.60371925        -319.9816898       -0.8481686376         344.6082445       
 0.2440000000        -78.25884840        -317.2244551       -0.8560813611         345.1344619       
 0.2450000000        -77.91344839        -314.4872151       -0.8640807020         345.6664802       
 0.2460000000        -77.56751370        -311.7696960       -0.8721684780         346.2037287       
 0.2470000000        -77.22103939        -309.0716311       -0.8803465135         346.7455963       
 0.2480000000        -76.87402118        -306.3927603       -0.8886166364         347.2914322       
 0.2490000000        -76.52645543        -303.7328304       -0.8969806763         347.8405465       
 0.2500000000        -76.17833924        -301.0915951       -0.9054404610         348.3922108       
 0.2510000000        -75.82967042        -298.4688152       -0.9139978140         348.9456601       
 0.2520000000        -75.48044759        -295.8642581       -0.9226545511         349.5000936       
 0.2530000000        -75.13067018        -293.2776984       -0.9314124780         350.0546768       
 0.2540000000        -74.78033847        -290.7089177       -0.9402733863         350.6085438       
 0.2550000000        -74.42945363        -288.1577042       -0.9492390511         351.1607991       
 0.2560000000        -74.07801772        -285.6238535       -0.9583112268         351.7105210       
 0.2570000000        -73.72603375        -283.1071677       -0.9674916444         352.2567639       
 0.2580000000        -73.37350567        -280.6074561       -0.9767820081         352.7985619       
 0.2590000000        -73.02043843        -278.1245345       -0.9861839912         353.3349319       
 0.2600000000        -72.66683795        -275.6582258       -0.9956992335         353.8648779       
 0.2610000000        -72.31271115        -273.2083594        -1.005329337         354.3873943       
 0.2620000000        -71.95806598        -270.7747714        -1.015075864         354.9014705       
 0.2630000000        -71.60291136        -268.3573043        -1.024940332         355.4060950       
 0.2640000000        -71.24725727        -265.9558071        -1.034924210         355.9002598       
 0.2650000000        -70.89111466        -263.5701349        -1.045028918         356.3829650       
 0.2660000000        -70.53449549        -261.2001491        -1.055255821         356.8532235       
 0.2670000000        -70.17741269        -258.8457171        -1.065606227         357.3100655       
 0.2680000000        -69.81988015        -256.5067118        -1.076081385         357.7525434       
 0.2690000000        -69.46191270        -254.1830120        -1.086682480         358.1797360       
 0.2700000000        -69.10352607        -251.8745016        -1.097410631         358.5907536       
 0.2710000000        -68.74473687        -249.5810700        -1.108266891         358.9847419       
 0.2720000000        -68.38556253        -247.3026114        -1.119252239         359.3608866       
 0.2730000000        -68.02602130        -245.0390246        -1.130367584         359.7184172       
 0.2740000000        -67.66613214        -242.7902131        -1.141613760         360.0566111       
 0.2750000000        -67.30591475        -240.5560845        -1.152991523         360.3747969       
 0.2760000000        -66.94538943        -238.3365503        -1.164501551         360.6723578       
 0.2770000000        -66.58457709        -236.1315258        -1.176144443         360.9487344       
 0.2780000000        -66.22349919        -233.9409297        -1.187920717         361.2034275       
 0.2790000000        -65.86217761        -231.7646839        -1.199830809         361.4359999       
 0.2800000000        -65.50063468        -229.6027129        -1.211875074         361.6460787       
 0.2810000000        -65.13889306        -227.4549440        -1.224053782         361.8333562       
 0.2820000000        -64.77697565        -225.3213069        -1.236367122         361.9975912       
 0.2830000000        -64.41490561        -223.2017329        -1.248815198         362.1386093       
 0.2840000000        -64.05270621        -221.0961556        -1.261398032         362.2563032       
 0.2850000000        -63.69040080        -219.0045096        -1.274115565         362.3506325       
 0.2860000000        -63.32801273        -216.9267310        -1.286967655         362.4216227       
 0.2870000000        -62.96556530        -214.8627569        -1.299954080         362.4693644       
 0.2880000000        -62.60308170        -212.8125249        -1.313074537         362.4940115       
 0.2890000000        -62.24058490        -210.7759732        -1.326328649         362.4957798       
 0.2900000000        -61.87809767        -208.7530404        -1.339715957         362.4749445       
 0.2910000000        -61.51564244        -206.7436650        -1.353235931         362.4318382       
 0.2920000000        -61.15324129        -204.7477854        -1.366887968         362.3668473       
 0.2930000000        -60.79091589        -202.7653396        -1.380671392         362.2804101       
 0.2940000000        -60.42868746        -200.7962653        -1.394585461         362.1730128       
 0.2950000000        -60.06657668        -198.8404994        -1.408629364         362.0451864       
 0.2960000000        -59.70460370        -196.8979780        -1.422802229         361.8975033       
 0.2970000000        -59.34278809        -194.9686363        -1.437103121         361.7305736       
 0.2980000000        -58.98114876        -193.0524084        -1.451531048         361.5450412       
 0.2990000000        -58.61970398        -191.1492275        -1.466084960         361.3415803       
 0.3000000000        -58.25847134        -189.2590253        -1.480763757         361.1208914       
 0.3010000000        -57.89746770        -187.3817323        -1.495566285         360.8836980       
 0.3020000000        -57.53670920        -185.5172777        -1.510491347         360.6307419       
 0.3030000000        -57.17621122        -183.6655892        -1.525537700         360.3627808       
 0.3040000000        -56.81598838        -181.8265932        -1.540704059         360.0805838       
 0.3050000000        -56.45605454        -180.0002145        -1.555989101         359.7849281       
 0.3060000000        -56.09642275        -178.1863767        -1.571391467         359.4765962       
 0.3070000000        -55.73710531        -176.3850018        -1.586909768         359.1563720       
 0.3080000000        -55.37811371        -174.5960102        -1.602542582         358.8250382       
 0.3090000000        -55.01945868        -172.8193211        -1.618288463         358.4833734       
 0.3100000000        -54.66115015        -171.0548523        -1.634145939         358.1321494       
 0.3110000000        -54.30319731        -169.3025202        -1.650113517         357.7721287       
 0.3120000000        -53.94560858        -167.5622400        -1.666189685         357.4040622       
 0.3130000000        -53.58839162        -165.8339256        -1.682372917         357.0286870       
 0.3140000000        -53.23155340        -164.1174896        -1.698661671         356.6467249       
 0.3150000000        -52.87510013        -162.4128436        -1.715054394         356.2588802       
 0.3160000000        -52.51903737        -160.7198982        -1.731549526         355.8658386       
 0.3170000000        -52.16336997        -159.0385630        -1.748145499         355.4682655       
 0.3180000000        -51.80810213        -157.3687465        -1.764840741         355.0668053       
 0.3190000000        -51.45323744        -155.7103566        -1.781633677         354.6620799       
 0.3200000000        -51.09877886        -154.0633004        -1.798522732         354.2546886       
 0.3210000000        -50.74472876        -152.4274842        -1.815506334         353.8452068       
 0.3220000000        -50.39108896        -150.8028138        -1.832582912         353.4341859       
 0.3230000000        -50.03786073        -149.1891945        -1.849750901         353.0221529       
 0.3240000000        -49.68504482        -147.5865311        -1.867008742         352.6096101       
 0.3250000000        -49.33264152        -145.9947281        -1.884354886         352.1970353       
 0.3260000000        -48.98065061        -144.4136896        -1.901787790         351.7848814       
 0.3270000000        -48.62907147        -142.8433197        -1.919305926         351.3735770       
 0.3280000000        -48.27790304        -141.2835222        -1.936907773         350.9635264       
 0.3290000000        -47.92714387        -139.7342007        -1.954591828         350.5551099       
 0.3300000000        -47.57679216        -138.1952593        -1.972356598         350.1486844       
 0.3310000000        -47.22684573        -136.6666016        -1.990200608         349.7445836       
 0.3320000000        -46.87730211        -135.1481317        -2.008122398         349.3431189       
 0.3330000000        -46.52815852        -133.6397537        -2.026120524         348.9445795       
 0.3340000000        -46.17941189        -132.1413722        -2.044193560         348.5492337       
 0.3350000000        -45.83105890        -130.6528920        -2.062340099         348.1573287       
 0.3360000000        -45.48309601        -129.1742180        -2.080558750         347.7690922       
 0.3370000000        -45.13551943        -127.7052560        -2.098848145         347.3847324       
 0.3380000000        -44.78832519        -126.2459120        -2.117206932         347.0044392       
 0.3390000000        -44.44150913        -124.7960925        -2.135633781         346.6283847       
 0.3400000000        -44.09506695        -123.3557046        -2.154127382         346.2567240       
 0.3410000000        -43.74899417        -121.9246561        -2.172686446         345.8895961       
 0.3420000000        -43.40328621        -120.5028553        -2.191309704         345.5271245       
 0.3430000000        -43.05793834        -119.0902112        -2.209995909         345.1694179       
 0.3440000000        -42.71294575        -117.6866335        -2.228743833         344.8165712       
 0.3450000000        -42.36830355        -116.2920327        -2.247552273         344.4686661       
 0.3460000000        -42.02400675        -114.9063200        -2.266420045         344.1257717       
 0.3470000000        -41.68005031        -113.5294073        -2.285345984         343.7879454       
 0.3480000000        -41.33642915        -112.1612075        -2.304328952         343.4552335       
 0.3490000000        -40.99313813        -110.8016341        -2.323367827         343.1276718       
 0.3500000000        -40.65017208        -109.4506016        -2.342461511         342.8052864       
 0.3510000000        -40.30752583        -108.1080254        -2.361608926         342.4880943       
 0.3520000000        -39.96519416        -106.7738214        -2.380809015         342.1761039       
 0.3530000000        -39.62317189        -105.4479069        -2.400060743         341.8693156       
 0.3540000000        -39.28145380        -104.1301997        -2.419363094         341.5677225       
 0.3550000000        -38.94003471        -102.8206187        -2.438715072         341.2713108       
 0.3560000000        -38.59890946        -101.5190836        -2.458115704         340.9800604       
 0.3570000000        -38.25807288        -100.2255150        -2.477564035         340.6939453       
 0.3580000000        -37.91751986        -98.93983446        -2.497059129         340.4129343       
 0.3590000000        -37.57724532        -97.66196449        -2.516600070         340.1369911       
 0.3600000000        -37.23724421        -96.39182845        -2.536185963         339.8660749       
 0.3610000000        -36.89751151        -95.12935064        -2.555815930         339.6001408       
 0.3620000000        -36.55804228        -93.87445626        -2.575489113         339.3391404       
 0.3630000000        -36.21883160        -92.62707144        -2.595204670         339.0830217       
 0.3640000000        -35.87987463        -91.38712321        -2.614961779         338.8317297       
 0.3650000000        -35.54116655        -90.15453950        -2.634759637         338.5852069       
 0.3660000000        -35.20270264        -88.92924915        -2.654597455         338.3433932       
 0.3670000000        -34.86447822        -87.71118189        -2.674474465         338.1062264       
 0.3680000000        -34.52648866        -86.50026835        -2.694389912         337.8736426       
 0.3690000000        -34.18872943        -85.29644002        -2.714343061         337.6455762       
 0.3700000000        -33.85119603        -84.09962929        -2.734333191         337.4219602       
 0.3710000000        -33.51388405        -82.90976940        -2.754359598         337.2027266       
 0.3720000000        -33.17678914        -81.72679447        -2.774421593         336.9878063       
 0.3730000000        -32.83990702        -80.55063946        -2.794518503         336.7771294       
 0.3740000000        -32.50323349        -79.38124016        -2.814649669         336.5706256       
 0.3750000000        -32.16676440        -78.21853321        -2.834814447         336.3682240       
 0.3760000000        -31.83049570        -77.06245608        -2.855012209         336.1698536       
 0.3770000000        -31.49442337        -75.91294704        -2.875242338         335.9754431       
 0.3780000000        -31.15854351        -74.76994518        -2.895504234         335.7849213       
 0.3790000000        -30.82285226        -73.63339037        -2.915797308         335.5982170       
 0.3800000000        -30.48734583        -72.50322328        -2.936120985         335.4152593       
 0.3810000000        -30.15202052        -71.37938533        -2.956474703         335.2359775       
 0.3820000000        -29.81687267        -70.26181874        -2.976857913         335.0603015       
 0.3830000000        -29.48189873        -69.15046646        -2.997270078         334.8881614       
 0.3840000000        -29.14709519        -68.04527219        -3.017710672         334.7194882       
 0.3850000000        -28.81245862        -66.94618037        -3.038179183         334.5542133       
 0.3860000000        -28.47798566        -65.85313614        -3.058675108         334.3922686       
 0.3870000000        -28.14367300        -64.76608538        -3.079197957         334.2335872       
 0.3880000000        -27.80951742        -63.68497466        -3.099747250         334.0781026       
 0.3890000000        -27.47551575        -62.60975124        -3.120322518         333.9257494       
 0.3900000000        -27.14166490        -61.54036306        -3.140923304         333.7764627       
 0.3910000000        -26.80796182        -60.47675874        -3.161549158         333.6301788       
 0.3920000000        -26.47440356        -59.41888754        -3.182199643         333.4868349       
 0.3930000000        -26.14098719        -58.36669940        -3.202874329         333.3463691       
 0.3940000000        -25.80770988        -57.32014488        -3.223572798         333.2087203       
 0.3950000000        -25.47456884        -56.27917518        -3.244294641         333.0738287       
 0.3960000000        -25.14156133        -55.24374210        -3.265039456         332.9416352       
 0.3970000000        -24.80868468        -54.21379807        -3.285806852         332.8120819       
 0.3980000000        -24.47593630        -53.18929612        -3.306596445         332.6851120       
 0.3990000000        -24.14331362        -52.17018987        -3.327407860         332.5606693       
 0.4000000000        -23.81081414        -51.15643352        -3.348240732         332.4386992       
 0.4010000000        -23.47843541        -50.14798183        -3.369094700         332.3191476       
 0.4020000000        -23.14617505        -49.14479014        -3.389969416         332.2019619       
 0.4030000000        -22.81403072        -48.14681435        -3.410864535         332.0870901       
 0.4040000000        -22.48200012        -47.15401089        -3.431779722         331.9744815       
 0.4050000000        -22.15008102        -46.16633672        -3.452714648         331.8640864       
 0.4060000000        -21.81827123        -45.18374934        -3.473668993         331.7558559       
 0.4070000000        -21.48656860        -44.20620678        -3.494642441         331.6497424       
 0.4080000000        -21.15497105        -43.23366756        -3.515634685         331.5456989       
 0.4090000000        -20.82347653        -42.26609072        -3.536645424         331.4436799       
 0.4100000000        -20.49208303        -41.30343578        -3.557674363         331.3436404       
 0.4110000000        -20.16078860        -40.34566274        -3.578721214         331.2455366       
 0.4120000000        -19.82959133        -39.39273212        -3.599785694         331.1493256       
 0.4130000000        -19.49848933        -38.44460486        -3.620867528         331.0549654       
 0.4140000000        -19.16748079        -37.50124239        -3.641966444         330.9624150       
 0.4150000000        -18.83656391        -36.56260659        -3.663082179         330.8716342       
 0.4160000000        -18.50573695        -35.62865980        -3.684214472         330.7825838       
 0.4170000000        -18.17499818        -34.69936478        -3.705363069         330.6952253       
 0.4180000000        -17.84434595        -33.77468474        -3.726527723         330.6095213       
 0.4190000000        -17.51377860        -32.85458332        -3.747708189         330.5254351       
 0.4200000000        -17.18329455        -31.93902457        -3.768904230         330.4429309       
 0.4210000000        -16.85289222        -31.02797295        -3.790115612         330.3619737       
 0.4220000000        -16.52257010        -30.12139334        -3.811342105         330.2825292       
 0.4230000000        -16.19232667        -29.21925103        -3.832583486         330.2045641       
 0.4240000000        -15.86216049        -28.32151167        -3.853839536         330.1280456       
 0.4250000000        -15.53207011        -27.42814134        -3.875110039         330.0529419       
 0.4260000000        -15.20205414        -26.53910647        -3.896394784         329.9792218       
 0.4270000000        -14.87211121        -25.65437388        -3.917693566         329.9068549       
 0.4280000000        -14.54223999        -24.77391077        -3.939006181         329.8358115       
 0.4290000000        -14.21243916        -23.89768468        -3.960332432         329.7660625       
 0.4300000000        -13.88270744        -23.02566353        -3.981672123         329.6975796       
 0.4310000000        -13.55304359        -22.15781560        -4.003025066         329.6303352       
 0.4320000000        -13.22344637        -21.29410948        -4.024391072         329.5643022       
 0.4330000000        -12.89391459        -20.43451416        -4.045769958         329.4994541       
 0.4340000000        -12.56444707        -19.57899891        -4.067161546         329.4357653       
 0.4350000000        -12.23504268        -18.72753338        -4.088565659         329.3732106       
 0.4360000000        -11.90570028        -17.88008752        -4.109982124         329.3117654       
 0.4370000000        -11.57641879        -17.03663161        -4.131410772         329.2514057       
 0.4380000000        -11.24719712        -16.19713625        -4.152851438         329.1921081       
 0.4390000000        -10.91803422        -15.36157236        -4.174303958         329.1338498       
 0.4400000000        -10.58892908        -14.52991115        -4.195768173         329.0766084       
 0.4410000000        -10.25988068        -13.70212415        -4.217243926         329.0203622       
 0.4420000000        -9.930888030        -12.87818318        -4.238731063         328.9650898       
 0.4430000000        -9.601950178        -12.05806037        -4.260229433         328.9107705       
 0.4440000000        -9.273066178        -11.24172813        -4.281738889         328.8573840       
 0.4450000000        -8.944235106        -10.42915915        -4.303259285         328.8049105       
 0.4460000000        -8.615456059        -9.620326412        -4.324790479         328.7533306       
 0.4470000000        -8.286728153        -8.815203180        -4.346332331         328.7026256       
 0.4480000000        -7.958050522        -8.013762988        -4.367884704         328.6527769       
 0.4490000000        -7.629422320        -7.215979638        -4.389447462         328.6037666       
 0.4500000000        -7.300842716        -6.421827202        -4.411020474         328.5555771       
 0.4510000000        -6.972310898        -5.631280017        -4.432603610         328.5081912       
 0.4520000000        -6.643826071        -4.844312674        -4.454196742         328.4615923       
 0.4530000000        -6.315387456        -4.060900025        -4.475799745         328.4157638       
 0.4540000000        -5.986994292        -3.281017171        -4.497412496         328.3706899       
 0.4550000000        -5.658645830        -2.504639464        -4.519034874         328.3263550       
 0.4560000000        -5.330341340        -1.731742499        -4.540666761         328.2827438       
 0.4570000000        -5.002080106       -0.9623021149        -4.562308040         328.2398415       
 0.4580000000        -4.673861426       -0.1962943879        -4.583958596         328.1976334       
 0.4590000000        -4.345684613        0.5663043697        -4.605618318         328.1561055       
 0.4600000000        -4.017548993         1.325517614        -4.627287095         328.1152439       
 0.4610000000        -3.689453907         2.081368571        -4.648964818         328.0750350       
 0.4620000000        -3.361398710         2.833880241        -4.670651381         328.0354656       
 0.4630000000        -3.033382767         3.583075403        -4.692346679         327.9965228       
 0.4640000000        -2.705405459         4.328976615        -4.714050609         327.9581940       
 0.4650000000        -2.377466179         5.071606216        -4.735763069         327.9204668       
 0.4660000000        -2.049564329         5.810986334        -4.757483961         327.8833293       
 0.4670000000        -1.721699327         6.547138883        -4.779213186         327.8467696       
 0.4680000000        -1.393870601         7.280085571        -4.800950648         327.8107762       
 0.4690000000        -1.066077590         8.009847898        -4.822696254         327.7753380       
 0.4700000000       -0.7383197437         8.736447160        -4.844449909         327.7404440       
 0.4710000000       -0.4105965240         9.459904456        -4.866211523         327.7060833       
 0.4720000000       -0.8290740273E-00001  10.18024068        -4.887981005         327.6722456       
 0.4730000000        0.2447481381         10.89747655        -4.909758268         327.6389206       
 0.4740000000        0.5723706061         11.61163255        -4.931543224         327.6060984       
 0.4750000000        0.8999604992         12.32272903        -4.953335788         327.5737690       
 0.4760000000         1.227518305         13.03078609        -4.975135876         327.5419230       
 0.4770000000         1.555044503         13.73582371        -4.996943405         327.5105511       
 0.4780000000         1.882539562         14.43786162        -5.018758293         327.4796440       
 0.4790000000         2.210003943         15.13691943        -5.040580462         327.4491929       
 0.4800000000         2.537438097         15.83301652        -5.062409831         327.4191890       
 0.4810000000         2.864842467         16.52617212        -5.084246324         327.3896238       
 0.4820000000         3.192217488         17.21640530        -5.106089864         327.3604890       
 0.4830000000         3.519563586         17.90373491        -5.127940376         327.3317763       
 0.4840000000         3.846881179         18.58817968        -5.149797786         327.3034779       
 0.4850000000         4.174170677         19.26975814        -5.171662022         327.2755859       
 0.4860000000         4.501432484         19.94848867        -5.193533011         327.2480927       
 0.4870000000         4.828666993         20.62438948        -5.215410684         327.2209908       
 0.4880000000         5.155874593         21.29747862        -5.237294971         327.1942729       
 0.4890000000         5.483055665         21.96777396        -5.259185804         327.1679319       
 0.4900000000         5.810210580         22.63529326        -5.281083115         327.1419609       
 0.4910000000         6.137339707         23.30005406        -5.302986838         327.1163529       
 0.4920000000         6.464443405         23.96207381        -5.324896909         327.0911013       
 0.4930000000         6.791522027         24.62136975        -5.346813262         327.0661996       
 0.4940000000         7.118575919         25.27795902        -5.368735835         327.0416414       
 0.4950000000         7.445605422         25.93185856        -5.390664565         327.0174204       
 0.4960000000         7.772610870         26.58308520        -5.412599391         326.9935305       
 0.4970000000         8.099592591         27.23165562        -5.434540252         326.9699657       
 0.4980000000         8.426550908         27.87758634        -5.456487089         326.9467201       
 0.4990000000         8.753486136         28.52089375        -5.478439843         326.9237881       
 0.5000000000         9.080398586         29.16159409        -5.500398457         326.9011639       
 0.5010000000         9.407288564         29.79970347        -5.522362873         326.8788421       
 0.5020000000         9.734156370         30.43523786        -5.544333036         326.8568174       
 0.5030000000         10.06100230         31.06821309        -5.566308889         326.8350844       
 0.5040000000         10.38782663         31.69864487        -5.588290379         326.8136380       
 0.5050000000         10.71462967         32.32654875        -5.610277451         326.7924732       
 0.5060000000         11.04141167         32.95194017        -5.632270053         326.7715849       
 0.5070000000         11.36817293         33.57483444        -5.654268133         326.7509685       
 0.5080000000         11.69491370         34.19524673        -5.676271639         326.7306191       
 0.5090000000         12.02163425         34.81319209        -5.698280520         326.7105321       
 0.5100000000         12.34833485         35.42868544        -5.720294726         326.6907029       
 0.5110000000         12.67501574         36.04174159        -5.742314208         326.6711272       
 0.5120000000         13.00167719         36.65237520        -5.764338918         326.6518005       
 0.5130000000         13.32831943         37.26060084        -5.786368806         326.6327185       
 0.5140000000         13.65494270         37.86643294        -5.808403827         326.6138772       
 0.5150000000         13.98154726         38.46988581        -5.830443934         326.5952724       
 0.5160000000         14.30813333         39.07097365        -5.852489079         326.5769001       
 0.5170000000         14.63470113         39.66971055        -5.874539219         326.5587564       
 0.5180000000         14.96125091         40.26611047        -5.896594308         326.5408374       
 0.5190000000         15.28778288         40.86018726        -5.918654302         326.5231393       
 0.5200000000         15.61429726         41.45195466        -5.940719158         326.5056585       
 0.5210000000         15.94079427         42.04142630        -5.962788833         326.4883913       
 0.5220000000         16.26727412         42.62861571        -5.984863283         326.4713342       
 0.5230000000         16.59373701         43.21353629        -6.006942468         326.4544837       
 0.5240000000         16.92018315         43.79620133        -6.029026347         326.4378364       
 0.5250000000         17.24661275         44.37662405        -6.051114877         326.4213889       
 0.5260000000         17.57302600         44.95481752        -6.073208020         326.4051381       
 0.5270000000         17.89942309         45.53079473        -6.095305735         326.3890805       
 0.5280000000         18.22580422         46.10456857        -6.117407984         326.3732133       
 0.5290000000         18.55216958         46.67615181        -6.139514728         326.3575331       
 0.5300000000         18.87851935         47.24555712        -6.161625928         326.3420370       
 0.5310000000         19.20485371         47.81279710        -6.183741547         326.3267221       
 0.5320000000         19.53117285         48.37788421        -6.205861548         326.3115854       
 0.5330000000         19.85747694         48.94083084        -6.227985894         326.2966241       
 0.5340000000         20.18376616         49.50164926        -6.250114549         326.2818354       
 0.5350000000         20.51004067         50.06035167        -6.272247477         326.2672166       
 0.5360000000         20.83630065         50.61695017        -6.294384643         326.2527649       
 0.5370000000         21.16254625         51.17145673        -6.316526012         326.2384777       
 0.5380000000         21.48877766         51.72388328        -6.338671549         326.2243524       
 0.5390000000         21.81499501         52.27424162        -6.360821221         326.2103865       
 0.5400000000         22.14119848         52.82254347        -6.382974994         326.1965775       
 0.5410000000         22.46738822         53.36880047        -6.405132834         326.1829230       
 0.5420000000         22.79356438         53.91302415        -6.427294710         326.1694205       
 0.5430000000         23.11972711         54.45522596        -6.449460588         326.1560678       
 0.5440000000         23.44587656         54.99541728        -6.471630437         326.1428624       
 0.5450000000         23.77201288         55.53360937        -6.493804225         326.1298022       
 0.5460000000         24.09813621         56.06981344        -6.515981922         326.1168849       
 0.5470000000         24.42424670         56.60404057        -6.538163495         326.1041084       
 0.5480000000         24.75034448         57.13630181        -6.560348914         326.0914704       
 0.5490000000         25.07642969         57.66660808        -6.582538151         326.0789690       
 0.5500000000         25.40250246         58.19497024        -6.604731174         326.0666020       
 0.5510000000         25.72856293         58.72139907        -6.626927955         326.0543674       
 0.5520000000         26.05461124         59.24590526        -6.649128464         326.0422632       
 0.5530000000         26.38064750         59.76849941        -6.671332673         326.0302876       
 0.5540000000         26.70667186         60.28919207        -6.693540553         326.0184384       
 0.5550000000         27.03268442         60.80799369        -6.715752077         326.0067140       
 0.5560000000         27.35868532         61.32491464        -6.737967217         325.9951125       
 0.5570000000         27.68467469         61.83996523        -6.760185945         325.9836319       
 0.5580000000         28.01065263         62.35315567        -6.782408234         325.9722707       
 0.5590000000         28.33661927         62.86449611        -6.804634058         325.9610269       
 0.5600000000         28.66257472         63.37399662        -6.826863390         325.9498989       
 0.5610000000         28.98851910         63.88166721        -6.849096203         325.9388851       
 0.5620000000         29.31445253         64.38751780        -6.871332473         325.9279837       
 0.5630000000         29.64037511         64.89155823        -6.893572174         325.9171931       
 0.5640000000         29.96628695         65.39379828        -6.915815280         325.9065118       
 0.5650000000         30.29218817         65.89424767        -6.938061766         325.8959382       
 0.5660000000         30.61807886         66.39291603        -6.960311608         325.8854707       
 0.5670000000         30.94395914         66.88981292        -6.982564782         325.8751078       
 0.5680000000         31.26982911         67.38494784        -7.004821262         325.8648481       
 0.5690000000         31.59568887         67.87833023        -7.027081025         325.8546900       
 0.5700000000         31.92153853         68.36996943        -7.049344049         325.8446322       
 0.5710000000         32.24737817         68.85987474        -7.071610308         325.8346732       
 0.5720000000         32.57320790         69.34805539        -7.093879780         325.8248117       
 0.5730000000         32.89902783         69.83452054        -7.116152443         325.8150462       
 0.5740000000         33.22483803         70.31927927        -7.138428273         325.8053755       
 0.5750000000         33.55063861         70.80234062        -7.160707249         325.7957983       
 0.5760000000         33.87642966         71.28371355        -7.182989348         325.7863132       
 0.5770000000         34.20221126         71.76340695        -7.205274548         325.7769189       
 0.5780000000         34.52798352         72.24142967        -7.227562827         325.7676143       
 0.5790000000         34.85374652         72.71779048        -7.249854165         325.7583981       
 0.5800000000         35.17950035         73.19249808        -7.272148540         325.7492691       
 0.5810000000         35.50524509         73.66556114        -7.294445931         325.7402262       
 0.5820000000         35.83098083         74.13698822        -7.316746317         325.7312680       
 0.5830000000         36.15670765         74.60678787        -7.339049677         325.7223936       
 0.5840000000         36.48242564         75.07496856        -7.361355993         325.7136018       
 0.5850000000         36.80813488         75.54153868        -7.383665242         325.7048914       
 0.5860000000         37.13383545         76.00650659        -7.405977406         325.6962614       
 0.5870000000         37.45952743         76.46988058        -7.428292464         325.6877107       
 0.5880000000         37.78521090         76.93166888        -7.450610398         325.6792383       
 0.5890000000         38.11088594         77.39187967        -7.472931187         325.6708431       
 0.5900000000         38.43655261         77.85052106        -7.495254813         325.6625241       
 0.5910000000         38.76221101         78.30760113        -7.517581257         325.6542804       
 0.5920000000         39.08786120         78.76312787        -7.539910500         325.6461108       
 0.5930000000         39.41350326         79.21710924        -7.562242524         325.6380145       
 0.5940000000         39.73913725         79.66955313        -7.584577310         325.6299905       
 0.5950000000         40.06476326         80.12046740        -7.606914840         325.6220379       
 0.5960000000         40.39038135         80.56985981        -7.629255097         325.6141557       
 0.5970000000         40.71599159         81.01773812        -7.651598061         325.6063430       
 0.5980000000         41.04159406         81.46410999        -7.673943717         325.5985990       
 0.5990000000         41.36718882         81.90898307        -7.696292045         325.5909227       
 0.6000000000         41.69277593         82.35236493        -7.718643030         325.5833133       
 0.6010000000         42.01835546         82.79426309        -7.740996653         325.5757700       
 0.6020000000         42.34392749         83.23468503        -7.763352898         325.5682919       
 0.6030000000         42.66949207         83.67363817        -7.785711749         325.5608782       
 0.6040000000         42.99504927         84.11112989        -7.808073188         325.5535280       
 0.6050000000         43.32059915         84.54716751        -7.830437199         325.5462407       
 0.6060000000         43.64614177         84.98175831        -7.852803766         325.5390153       
 0.6070000000         43.97167720         85.41490950        -7.875172872         325.5318512       
 0.6080000000         44.29720549         85.84662828        -7.897544503         325.5247475       
 0.6090000000         44.62272671         86.27692176        -7.919918641         325.5177036       
 0.6100000000         44.94824092         86.70579703        -7.942295271         325.5107186       
 0.6110000000         45.27374817         87.13326112        -7.964674378         325.5037919       
 0.6120000000         45.59924852         87.55932102        -7.987055945         325.4969227       
 0.6130000000         45.92474203         87.98398367        -8.009439959         325.4901104       
 0.6140000000         46.25022876         88.40725597        -8.031826404         325.4833542       
 0.6150000000         46.57570876         88.82914476        -8.054215265         325.4766535       
 0.6160000000         46.90118209         89.24965684        -8.076606527         325.4700076       
 0.6170000000         47.22664879         89.66879898        -8.099000175         325.4634158       
 0.6180000000         47.55210894         90.08657788        -8.121396195         325.4568775       
 0.6190000000         47.87756257         90.50300022        -8.143794572         325.4503921       
 0.6200000000         48.20300974         90.91807263        -8.166195293         325.4439588       
 0.6210000000         48.52845050         91.33180168        -8.188598342         325.4375772       
 0.6220000000         48.85388491         91.74419391        -8.211003707         325.4312466       
 0.6230000000         49.17931301         92.15525583        -8.233411372         325.4249663       
 0.6240000000         49.50473486         92.56499388        -8.255821325         325.4187358       
 0.6250000000         49.83015050         92.97341448        -8.278233551         325.4125546       
 0.6260000000         50.15555998         93.38052399        -8.300648038         325.4064219       
 0.6270000000         50.48096336         93.78632876        -8.323064771         325.4003373       
 0.6280000000         50.80636067         94.19083505        -8.345483738         325.3943003       
 0.6290000000         51.13175197         94.59404912        -8.367904924         325.3883101       
 0.6300000000         51.45713731         94.99597719        -8.390328318         325.3823664       
 0.6310000000         51.78251672         95.39662540        -8.412753907         325.3764686       
 0.6320000000         52.10789026         95.79599990        -8.435181676         325.3706161       
 0.6330000000         52.43325797         96.19410677        -8.457611615         325.3648085       
 0.6340000000         52.75861989         96.59095205        -8.480043709         325.3590451       
 0.6350000000         53.08397607         96.98654177        -8.502477947         325.3533256       
 0.6360000000         53.40932656         97.38088188        -8.524914317         325.3476494       
 0.6370000000         53.73467139         97.77397832        -8.547352805         325.3420161       
 0.6380000000         54.06001061         98.16583700        -8.569793400         325.3364251       
 0.6390000000         54.38534425         98.55646376        -8.592236090         325.3308760       
 0.6400000000         54.71067237         98.94586443        -8.614680862         325.3253683       
 0.6410000000         55.03599500         99.33404479        -8.637127706         325.3199015       
 0.6420000000         55.36131219         99.72101058        -8.659576608         325.3144753       
 0.6430000000         55.68662397         100.1067675        -8.682027558         325.3090890       
 0.6440000000         56.01193038         100.4913213        -8.704480544         325.3037424       
 0.6450000000         56.33723146         100.8746775        -8.726935555         325.2984350       
 0.6460000000         56.66252726         101.2568419        -8.749392578         325.2931663       
 0.6470000000         56.98781781         101.6378198        -8.771851603         325.2879359       
 0.6480000000         57.31310315         102.0176169        -8.794312619         325.2827434       
 0.6490000000         57.63838331         102.3962387        -8.816775615         325.2775884       
 0.6500000000         57.96365834         102.7736906        -8.839240579         325.2724705       
 0.6510000000         58.28892826         103.1499781        -8.861707501         325.2673893       
 0.6520000000         58.61419313         103.5251066        -8.884176369         325.2623444       
 0.6530000000         58.93945296         103.8990814        -8.906647174         325.2573354       
 0.6540000000         59.26470781         104.2719078        -8.929119904         325.2523619       
 0.6550000000         59.58995770         104.6435912        -8.951594549         325.2474235       
 0.6560000000         59.91520267         105.0141368        -8.974071099         325.2425199       
 0.6570000000         60.24044275         105.3835499        -8.996549542         325.2376507       
 0.6580000000         60.56567798         105.7518356        -9.019029870         325.2328155       
 0.6590000000         60.89090839         106.1189992        -9.041512071         325.2280140       
 0.6600000000         61.21613402         106.4850457        -9.063996135         325.2232459       
 0.6610000000         61.54135489         106.8499803        -9.086482053         325.2185107       
 0.6620000000         61.86657105         107.2138080        -9.108969814         325.2138082       
 0.6630000000         62.19178252         107.5765338        -9.131459409         325.2091379       
 0.6640000000         62.51698934         107.9381629        -9.153950828         325.2044996       
 0.6650000000         62.84219153         108.2987001        -9.176444061         325.1998930       
 0.6660000000         63.16738913         108.6581505        -9.198939098         325.1953177       
 0.6670000000         63.49258218         109.0165189        -9.221435929         325.1907733       
 0.6680000000         63.81777069         109.3738102        -9.243934546         325.1862596       
 0.6690000000         64.14295471         109.7300294        -9.266434939         325.1817763       
 0.6700000000         64.46813425         110.0851811        -9.288937099         325.1773231       
 0.6710000000         64.79330936         110.4392703        -9.311441015         325.1728996       
 0.6720000000         65.11848006         110.7923017        -9.333946680         325.1685055       
 0.6730000000         65.44364638         111.1442800        -9.356454083         325.1641406       
 0.6740000000         65.76880835         111.4952100        -9.378963217         325.1598045       
 0.6750000000         66.09396600         111.8450964        -9.401474071         325.1554971       
 0.6760000000         66.41911936         112.1939438        -9.423986636         325.1512179       
 0.6770000000         66.74426845         112.5417568        -9.446500905         325.1469667       
 0.6780000000         67.06941330         112.8885401        -9.469016868         325.1427432       
 0.6790000000         67.39455394         113.2342982        -9.491534517         325.1385473       
 0.6800000000         67.71969040         113.5790357        -9.514053842         325.1343784       
 0.6810000000         68.04482271         113.9227570        -9.536574836         325.1302366       
 0.6820000000         68.36995089         114.2654668        -9.559097489         325.1261213       
 0.6830000000         68.69507496         114.6071695        -9.581621793         325.1220325       
 0.6840000000         69.02019496         114.9478694        -9.604147741         325.1179698       
 0.6850000000         69.34531091         115.2875711        -9.626675322         325.1139330       
 0.6860000000         69.67042283         115.6262790        -9.649204530         325.1099219       
 0.6870000000         69.99553076         115.9639973        -9.671735356         325.1059361       
 0.6880000000         70.32063471         116.3007304        -9.694267792         325.1019755       
 0.6890000000         70.64573472         116.6364827        -9.716801829         325.0980398       
 0.6900000000         70.97083080         116.9712584        -9.739337460         325.0941288       
 0.6910000000         71.29592299         117.3050617        -9.761874677         325.0902422       
 0.6920000000         71.62101129         117.6378971        -9.784413471         325.0863798       
 0.6930000000         71.94609575         117.9697685        -9.806953836         325.0825414       
 0.6940000000         72.27117639         118.3006803        -9.829495762         325.0787268       
 0.6950000000         72.59625321         118.6306366        -9.852039243         325.0749357       
 0.6960000000         72.92132626         118.9596416        -9.874584271         325.0711679       
 0.6970000000         73.24639556         119.2876993        -9.897130837         325.0674231       
 0.6980000000         73.57146112         119.6148138        -9.919678935         325.0637013       
 0.6990000000         73.89652297         119.9409893        -9.942228557         325.0600021       
 0.7000000000         74.22158113         120.2662298        -9.964779696         325.0563254       
 0.7010000000         74.54663563         120.5905392        -9.987332343         325.0526710       
 0.7020000000         74.87168648         120.9139216        -10.00988649         325.0490385       
 0.7030000000         75.19673371         121.2363810        -10.03244214         325.0454280       
 0.7040000000         75.52177734         121.5579213        -10.05499927         325.0418390       
 0.7050000000         75.84681740         121.8785465        -10.07755788         325.0382716       
 0.7060000000         76.17185389         122.1982604        -10.10011796         325.0347253       
 0.7070000000         76.49688685         122.5170670        -10.12267951         325.0312002       
 0.7080000000         76.82191630         122.8349701        -10.14524252         325.0276959       
 0.7090000000         77.14694225         123.1519735        -10.16780698         325.0242123       
 0.7100000000         77.47196473         123.4680811        -10.19037288         325.0207492       
 0.7110000000         77.79698376         123.7832967        -10.21294022         325.0173064       
 0.7120000000         78.12199935         124.0976241        -10.23550899         325.0138837       
 0.7130000000         78.44701153         124.4110669        -10.25807919         325.0104810       
 0.7140000000         78.77202032         124.7236290        -10.28065080         325.0070981       
 0.7150000000         79.09702573         125.0353141        -10.30322383         325.0037348       
 0.7160000000         79.42202780         125.3461258        -10.32579825         325.0003909       
 0.7170000000         79.74702652         125.6560678        -10.34837408         324.9970663       
 0.7180000000         80.07202193         125.9651438        -10.37095129         324.9937607       
 0.7190000000         80.39701405         126.2733574        -10.39352989         324.9904741       
 0.7200000000         80.72200289         126.5807122        -10.41610987         324.9872063       
 0.7210000000         81.04698847         126.8872118        -10.43869122         324.9839571       
 0.7220000000         81.37197081         127.1928598        -10.46127393         324.9807263       
 0.7230000000         81.69694993         127.4976597        -10.48385800         324.9775138       
 0.7240000000         82.02192584         127.8016150        -10.50644343         324.9743194       
 0.7250000000         82.34689857         128.1047293        -10.52903020         324.9711429       
 0.7260000000         82.67186813         128.4070061        -10.55161830         324.9679843       
 0.7270000000         82.99683455         128.7084488        -10.57420775         324.9648434       
 0.7280000000         83.32179783         129.0090609        -10.59679852         324.9617199       
 0.7290000000         83.64675799         129.3088458        -10.61939061         324.9586139       
 0.7300000000         83.97171506         129.6078069        -10.64198401         324.9555250       
 0.7310000000         84.29666905         129.9059477        -10.66457872         324.9524533       
 0.7320000000         84.62161997         130.2032715        -10.68717474         324.9493984       
 0.7330000000         84.94656785         130.4997816        -10.70977206         324.9463604       
 0.7340000000         85.27151270         130.7954814        -10.73237066         324.9433389       
 0.7350000000         85.59645453         131.0903743        -10.75497055         324.9403341       
 0.7360000000         85.92139337         131.3844634        -10.77757172         324.9373455       
 0.7370000000         86.24632923         131.6777522        -10.80017416         324.9343732       
 0.7380000000         86.57126212         131.9702439        -10.82277787         324.9314171       
 0.7390000000         86.89619207         132.2619417        -10.84538285         324.9284769       
 0.7400000000         87.22111908         132.5528489        -10.86798908         324.9255525       
 0.7410000000         87.54604318         132.8429686        -10.89059656         324.9226438       
 0.7420000000         87.87096438         133.1323041        -10.91320528         324.9197508       
 0.7430000000         88.19588269         133.4208586        -10.93581525         324.9168732       
 0.7440000000         88.52079813         133.7086352        -10.95842645         324.9140109       
 0.7450000000         88.84571071         133.9956370        -10.98103887         324.9111638       
 0.7460000000         89.17062046         134.2818673        -11.00365252         324.9083318       
 0.7470000000         89.49552738         134.5673290        -11.02626739         324.9055148       
 0.7480000000         89.82043150         134.8520254        -11.04888347         324.9027126       
 0.7490000000         90.14533281         135.1359594        -11.07150076         324.8999252       
 0.7500000000         90.47023135         135.4191341        -11.09411925         324.8971523       
 0.7510000000         90.79512712         135.7015527        -11.11673893         324.8943940       
 0.7520000000         91.12002014         135.9832180        -11.13935981         324.8916500       
 0.7530000000         91.44491043         136.2641332        -11.16198187         324.8889203       
 0.7540000000         91.76979799         136.5443012        -11.18460511         324.8862047       
 0.7550000000         92.09468284         136.8237250        -11.20722953         324.8835032       
 0.7560000000         92.41956500         137.1024076        -11.22985512         324.8808156       
 0.7570000000         92.74444448         137.3803518        -11.25248187         324.8781419       
 0.7580000000         93.06932129         137.6575608        -11.27510978         324.8754818       
 0.7590000000         93.39419545         137.9340373        -11.29773885         324.8728354       
 0.7600000000         93.71906696         138.2097843        -11.32036907         324.8702025       
 0.7610000000         94.04393585         138.4848046        -11.34300043         324.8675829       
 0.7620000000         94.36880213         138.7591011        -11.36563293         324.8649767       
 0.7630000000         94.69366581         139.0326768        -11.38826657         324.8623836       
 0.7640000000         95.01852690         139.3055344        -11.41090134         324.8598037       
 0.7650000000         95.34338542         139.5776767        -11.43353723         324.8572367       
 0.7660000000         95.66824138         139.8491066        -11.45617425         324.8546827       
 0.7670000000         95.99309479         140.1198268        -11.47881238         324.8521414       
 0.7680000000         96.31794567         140.3898402        -11.50145162         324.8496128       
 0.7690000000         96.64279402         140.6591495        -11.52409197         324.8470968       
 0.7700000000         96.96763987         140.9277575        -11.54673341         324.8445934       
 0.7710000000         97.29248321         141.1956669        -11.56937596         324.8421023       
 0.7720000000         97.61732408         141.4628804        -11.59201960         324.8396236       
 0.7730000000         97.94216247         141.7294008        -11.61466432         324.8371571       
 0.7740000000         98.26699839         141.9952307        -11.63731013         324.8347028       
 0.7750000000         98.59183188         142.2603728        -11.65995702         324.8322605       
 0.7760000000         98.91666292         142.5248298        -11.68260498         324.8298301       
 0.7770000000         99.24149154         142.7886043        -11.70525401         324.8274116       
 0.7780000000         99.56631775         143.0516990        -11.72790410         324.8250049       
 0.7790000000         99.89114155         143.3141166        -11.75055526         324.8226099       
 0.7800000000         100.2159630         143.5758595        -11.77320747         324.8202265       
 0.7810000000         100.5407820         143.8369305        -11.79586073         324.8178547       
 0.7820000000         100.8655987         144.0973321        -11.81851504         324.8154943       
 0.7830000000         101.1904130         144.3570669        -11.84117040         324.8131452       
 0.7840000000         101.5152250         144.6161375        -11.86382679         324.8108074       
 0.7850000000         101.8400346         144.8745463        -11.88648421         324.8084808       
 0.7860000000         102.1648419         145.1322959        -11.90914267         324.8061654       
 0.7870000000         102.4896470         145.3893890        -11.93180215         324.8038609       
 0.7880000000         102.8144497         145.6458278        -11.95446265         324.8015674       
 0.7890000000         103.1392501         145.9016150        -11.97712417         324.7992848       
 0.7900000000         103.4640482         146.1567531        -11.99978671         324.7970130       
 0.7910000000         103.7888441         146.4112445        -12.02245025         324.7947519       
 0.7920000000         104.1136377         146.6650916        -12.04511480         324.7925015       
 0.7930000000         104.4384291         146.9182969        -12.06778034         324.7902616       
 0.7940000000         104.7632183         147.1708629        -12.09044689         324.7880322       
 0.7950000000         105.0880052         147.4227920        -12.11311442         324.7858133       
 0.7960000000         105.4127899         147.6740865        -12.13578295         324.7836047       
 0.7970000000         105.7375724         147.9247489        -12.15845246         324.7814064       
 0.7980000000         106.0623527         148.1747815        -12.18112295         324.7792183       
 0.7990000000         106.3871309         148.4241868        -12.20379441         324.7770403       
 0.8000000000         106.7119068         148.6729671        -12.22646685         324.7748724       
 0.8010000000         107.0366806         148.9211247        -12.24914026         324.7727144       
 0.8020000000         107.3614522         149.1686619        -12.27181463         324.7705664       
 0.8030000000         107.6862217         149.4155812        -12.29448996         324.7684283       
 0.8040000000         108.0109891         149.6618848        -12.31716625         324.7662999       
 0.8050000000         108.3357543         149.9075749        -12.33984349         324.7641813       
 0.8060000000         108.6605175         150.1526540        -12.36252169         324.7620723       
 0.8070000000         108.9852785         150.3971243        -12.38520082         324.7599729       
 0.8080000000         109.3100374         150.6409880        -12.40788090         324.7578831       
 0.8090000000         109.6347943         150.8842474        -12.43056192         324.7558027       
 0.8100000000         109.9595490         151.1269048        -12.45324387         324.7537316       
 0.8110000000         110.2843017         151.3689624        -12.47592675         324.7516700       
 0.8120000000         110.6090524         151.6104223        -12.49861056         324.7496176       
 0.8130000000         110.9338010         151.8512869        -12.52129529         324.7475744       
 0.8140000000         111.2585475         152.0915583        -12.54398095         324.7455403       
 0.8150000000         111.5832920         152.3312387        -12.56666751         324.7435153       
 0.8160000000         111.9080345         152.5703303        -12.58935499         324.7414994       
 0.8170000000         112.2327750         152.8088353        -12.61204338         324.7394924       
 0.8180000000         112.5575135         153.0467558        -12.63473268         324.7374943       
 0.8190000000         112.8822500         153.2840939        -12.65742287         324.7355050       
 0.8200000000         113.2069846         153.5208518        -12.68011396         324.7335246       
 0.8210000000         113.5317171         153.7570317        -12.70280595         324.7315529       
 0.8220000000         113.8564477         153.9926356        -12.72549883         324.7295898       
 0.8230000000         114.1811763         154.2276657        -12.74819260         324.7276353       
 0.8240000000         114.5059029         154.4621240        -12.77088725         324.7256895       
 0.8250000000         114.8306277         154.6960126        -12.79358278         324.7237521       
 0.8260000000         115.1553504         154.9293337        -12.81627919         324.7218231       
 0.8270000000         115.4800713         155.1620892        -12.83897647         324.7199026       
 0.8280000000         115.8047902         155.3942812        -12.86167462         324.7179904       
 0.8290000000         116.1295073         155.6259119        -12.88437364         324.7160865       
 0.8300000000         116.4542224         155.8569831        -12.90707353         324.7141908       
 0.8310000000         116.7789357         156.0874969        -12.92977427         324.7123032       
 0.8320000000         117.1036470         156.3174554        -12.95247587         324.7104238       
 0.8330000000         117.4283565         156.5468606        -12.97517833         324.7085525       
 0.8340000000         117.7530641         156.7757144        -12.99788163         324.7066892       
 0.8350000000         118.0777699         157.0040188        -13.02058579         324.7048339       
 0.8360000000         118.4024738         157.2317758        -13.04329078         324.7029865       
 0.8370000000         118.7271759         157.4589875        -13.06599662         324.7011469       
 0.8380000000         119.0518761         157.6856556        -13.08870330         324.6993152       
 0.8390000000         119.3765745         157.9117823        -13.11141081         324.6974912       
 0.8400000000         119.7012711         158.1373693        -13.13411915         324.6956750       
 0.8410000000         120.0259659         158.3624188        -13.15682832         324.6938665       
 0.8420000000         120.3506588         158.5869325        -13.17953831         324.6920655       
 0.8430000000         120.6753500         158.8109124        -13.20224913         324.6902722       
 0.8440000000         121.0000394         159.0343604        -13.22496077         324.6884863       
 0.8450000000         121.3247270         159.2572783        -13.24767322         324.6867080       
 0.8460000000         121.6494128         159.4796682        -13.27038648         324.6849371       
 0.8470000000         121.9740968         159.7015318        -13.29310056         324.6831736       
 0.8480000000         122.2987791         159.9228710        -13.31581544         324.6814174       
 0.8490000000         122.6234597         160.1436876        -13.33853112         324.6796685       
 0.8500000000         122.9481385         160.3639836        -13.36124761         324.6779269       
 0.8510000000         123.2728155         160.5837608        -13.38396489         324.6761925       
 0.8520000000         123.5974909         160.8030209        -13.40668296         324.6744653       
 0.8530000000         123.9221645         161.0217659        -13.42940183         324.6727451       
 0.8540000000         124.2468364         161.2399975        -13.45212149         324.6710321       
 0.8550000000         124.5715065         161.4577175        -13.47484193         324.6693261       
 0.8560000000         124.8961750         161.6749278        -13.49756316         324.6676271       
 0.8570000000         125.2208418         161.8916301        -13.52028516         324.6659350       
 0.8580000000         125.5455069         162.1078261        -13.54300795         324.6642499       
 0.8590000000         125.8701703         162.3235178        -13.56573150         324.6625716       
 0.8600000000         126.1948320         162.5387068        -13.58845583         324.6609001       
 0.8610000000         126.5194921         162.7533949        -13.61118093         324.6592355       
 0.8620000000         126.8441505         162.9675839        -13.63390679         324.6575775       
 0.8630000000         127.1688073         163.1812754        -13.65663341         324.6559263       
 0.8640000000         127.4934624         163.3944713        -13.67936080         324.6542818       
 0.8650000000         127.8181158         163.6071731        -13.70208894         324.6526438       
 0.8660000000         128.1427677         163.8193828        -13.72481784         324.6510125       
 0.8670000000         128.4674179         164.0311019        -13.74754749         324.6493877       
 0.8680000000         128.7920664         164.2423322        -13.77027788         324.6477694       
 0.8690000000         129.1167134         164.4530753        -13.79300903         324.6461576       
 0.8700000000         129.4413587         164.6633329        -13.81574092         324.6445522       
 0.8710000000         129.7660025         164.8731068        -13.83847354         324.6429532       
 0.8720000000         130.0906447         165.0823986        -13.86120691         324.6413606       
 0.8730000000         130.4152852         165.2912099        -13.88394101         324.6397742       
 0.8740000000         130.7399242         165.4995424        -13.90667585         324.6381942       
 0.8750000000         131.0645616         165.7073977        -13.92941141         324.6366204       
 0.8760000000         131.3891974         165.9147776        -13.95214771         324.6350528       
 0.8770000000         131.7138317         166.1216835        -13.97488472         324.6334914       
 0.8780000000         132.0384644         166.3281172        -13.99762246         324.6319362       
 0.8790000000         132.3630956         166.5340802        -14.02036092         324.6303870       
 0.8800000000         132.6877252         166.7395742        -14.04310010         324.6288439       
 0.8810000000         133.0123533         166.9446008        -14.06583999         324.6273069       
 0.8820000000         133.3369798         167.1491615        -14.08858060         324.6257758       
 0.8830000000         133.6616048         167.3532579        -14.11132191         324.6242507       
 0.8840000000         133.9862283         167.5568917        -14.13406393         324.6227315       
 0.8850000000         134.3108503         167.7600644        -14.15680665         324.6212183       
 0.8860000000         134.6354708         167.9627775        -14.17955008         324.6197109       
 0.8870000000         134.9600897         168.1650326        -14.20229420         324.6182093       
 0.8880000000         135.2847072         168.3668313        -14.22503903         324.6167135       
 0.8890000000         135.6093232         168.5681751        -14.24778454         324.6152235       
 0.8900000000         135.9339376         168.7690656        -14.27053075         324.6137392       
 0.8910000000         136.2585506         168.9695043        -14.29327765         324.6122606       
 0.8920000000         136.5831622         169.1694926        -14.31602524         324.6107877       
 0.8930000000         136.9077722         169.3690322        -14.33877351         324.6093205       
 0.8940000000         137.2323808         169.5681245        -14.36152246         324.6078588       
 0.8950000000         137.5569879         169.7667710        -14.38427210         324.6064027       
 0.8960000000         137.8815936         169.9649732        -14.40702241         324.6049521       
 0.8970000000         138.2061978         170.1627327        -14.42977339         324.6035071       
 0.8980000000         138.5308006         170.3600509        -14.45252505         324.6020675       
 0.8990000000         138.8554020         170.5569292        -14.47527738         324.6006334       
