GROUP TYR1AB 9 11 14 0.5 0.125
12
13
14
15
16
17
18
19
20
21
22
23
24
25
GROUP TYR2AB 30 32 14 0.5 0.125
33
34
35
36
37
38
39
40
41
42
43
44
45
46
GROUP TYR5AB 65 67 14 0.5 0.125
68
69
70
71
72
73
74
75
76
77
78
79
80
81
GROUP TYR6AB 86 88 14 0.5 0.125
89
90
91
92
93
94
95
96
97
98
99
100
101
102
GROUP TYR1BG 11 14 11 0.5 0.125
15
16
17
18
19
20
21
22
23
24
25
GROUP TYR2BG 32 35 11 0.5 0.125
36
37
38
39
40
41
42
43
44
45
46
GROUP TYR5BG 67 70 11 0.5 0.125
71
72
73
74
75
76
77
78
79
80
81
GROUP TYR6BG 88 91 11 0.5 0.125
92
93
94
95
96
97
98
99
100
101
102
