minima=       445
minimum and maximum T for Cv calculation=    0.10000E-01    0.90000     number of Cv data points=     890
number of degrees of freedom=     324
Analysing heat capacity contributions at T=    0.7800000000E-01 colour threshold=    0.9800000000    
minima with negative dp/dT:
     1   213    0.9260565604        0.9260565604    
     2   214    0.7394343956E-01     1.000000000    
minima with positive dp/dT:
     1   215    0.3981594354        0.3981594354    
     2   289    0.3621344224        0.7602938578    
     3   230    0.1077988022        0.8680926601    
     4   338    0.4587594133E-01    0.9139686014    
     5   290    0.4361644922E-01    0.9575850506    
     6   216    0.3205608669E-01    0.9896411373    
     7   378    0.9056913051E-02    0.9986980504    
     8   346    0.1137564117E-02    0.9998356145    
     9   218    0.1315195652E-03    0.9999671340    
    10   314    0.1000882410E-04    0.9999771429    
    11   232    0.9681074723E-05    0.9999868239    
    12   217    0.8363253485E-05    0.9999951872    
    13   231    0.4606579252E-05    0.9999997938    
    14   267    0.1920450130E-06    0.9999999858    
    15   287    0.4048121443E-08    0.9999999899    
    16   219    0.3642949965E-08    0.9999999935    
    17   302    0.2731531458E-08    0.9999999962    
    18   365    0.1662519765E-08    0.9999999979    
    19   396    0.1069940583E-08    0.9999999990    
    20   418    0.5560557963E-09    0.9999999995    
    21   377    0.1953129882E-09    0.9999999997    
    22   367    0.1092945762E-09    0.9999999998    
    23   361    0.5365035060E-10    0.9999999999    
    24   233    0.2966514372E-10    0.9999999999    
    25   339    0.2538414607E-10    0.9999999999    
    26   234    0.1381117654E-10    0.9999999999    
    27   220    0.9651055173E-11     1.000000000    
    28   288    0.7266168897E-11     1.000000000    
    29   303    0.7169354912E-11     1.000000000    
    30   362    0.6774040505E-11     1.000000000    
    31   235    0.6297878004E-11     1.000000000    
    32   268    0.3683776361E-11     1.000000000    
    33   269    0.2899208289E-11     1.000000000    
    34   363    0.2168312018E-11     1.000000000    
    35   271    0.1573340021E-11     1.000000000    
    36   379    0.8518944970E-12     1.000000000    
    37   417    0.7178342602E-12     1.000000000    
    38   368    0.7124235543E-12     1.000000000    
    39   348    0.6177023263E-12     1.000000000    
    40   221    0.4669232323E-12     1.000000000    
    41   390    0.3171961820E-12     1.000000000    
    42   360    0.2564687174E-12     1.000000000    
    43   399    0.2397853421E-12     1.000000000    
    44   335    0.2160813247E-12     1.000000000    
    45   406    0.1193216359E-12     1.000000000    
    46   223    0.6955425189E-13     1.000000000    
    47   270    0.5878526751E-13     1.000000000    
    48   305    0.5194384234E-13     1.000000000    
    49   408    0.4743630382E-13     1.000000000    
    50   358    0.1272404905E-13     1.000000000    
    51   391    0.1179426480E-13     1.000000000    
    52   364    0.1090676164E-13     1.000000000    
    53   252    0.1032870287E-13     1.000000000    
    54   370    0.3300191123E-14     1.000000000    
    55   222    0.1269363359E-14     1.000000000    
    56   398    0.1158068828E-14     1.000000000    
    57   286    0.5318394849E-15     1.000000000    
    58   152    0.4444489153E-15     1.000000000    
    59   273    0.4182519356E-15     1.000000000    
    60   272    0.4052410631E-15     1.000000000    
    61   397    0.2396100947E-15     1.000000000    
    62   426    0.2087164749E-15     1.000000000    
    63   438    0.1910026043E-15     1.000000000    
    64   375    0.7997111502E-16     1.000000000    
    65   274    0.5768593399E-16     1.000000000    
    66   275    0.3343225170E-16     1.000000000    
    67   295    0.1496296144E-16     1.000000000    
    68    27    0.1306922882E-16     1.000000000    
    69   382    0.1264616993E-16     1.000000000    
    70   293    0.1065923577E-16     1.000000000    
    71   381    0.8195651868E-17     1.000000000    
    72   345    0.5307939949E-17     1.000000000    
    73   419    0.4040034514E-17     1.000000000    
    74   298    0.3559932579E-17     1.000000000    
    75   301    0.3450941460E-17     1.000000000    
    76   299    0.3319937804E-17     1.000000000    
    77    95    0.3204088948E-17     1.000000000    
    78   186    0.2978096809E-17     1.000000000    
    79    51    0.2796704484E-17     1.000000000    
    80    73    0.2610778073E-17     1.000000000    
    81   380    0.2509034374E-17     1.000000000    
    82   325    0.2335155420E-17     1.000000000    
    83   153    0.1793899962E-17     1.000000000    
    84   306    0.1598498679E-17     1.000000000    
    85   315    0.1564482141E-17     1.000000000    
    86   392    0.1468616495E-17     1.000000000    
    87   318    0.1456703944E-17     1.000000000    
    88   297    0.1247692030E-17     1.000000000    
    89   322    0.1245240188E-17     1.000000000    
    90   226    0.1143337277E-17     1.000000000    
    91    28    0.9107572661E-18     1.000000000    
    92   170    0.8988057125E-18     1.000000000    
    93   112    0.8959635832E-18     1.000000000    
    94    96    0.8245439941E-18     1.000000000    
    95   292    0.7999082658E-18     1.000000000    
    96    52    0.7844646045E-18     1.000000000    
    97   132    0.7252188872E-18     1.000000000    
    98   227    0.5660487227E-18     1.000000000    
    99   320    0.5027026896E-18     1.000000000    
   100   291    0.4973638861E-18     1.000000000    
   101   332    0.4699236559E-18     1.000000000    
   102   317    0.4649586059E-18     1.000000000    
   103   311    0.3106646050E-18     1.000000000    
   104   130    0.3061147016E-18     1.000000000    
   105   351    0.2721983872E-18     1.000000000    
   106   349    0.2389769413E-18     1.000000000    
   107   131    0.1643354854E-18     1.000000000    
   108   342    0.1543233267E-18     1.000000000    
   109     4    0.1311288743E-18     1.000000000    
   110    98    0.1215581796E-18     1.000000000    
   111   304    0.1136399710E-18     1.000000000    
   112   228    0.1104754773E-18     1.000000000    
   113   300    0.1050448086E-18     1.000000000    
   114     5    0.1033159142E-18     1.000000000    
   115    30    0.9849872041E-19     1.000000000    
   116    75    0.9623170120E-19     1.000000000    
   117    53    0.9158122837E-19     1.000000000    
   118    31    0.8576838225E-19     1.000000000    
   119    97    0.8008951008E-19     1.000000000    
   120    94    0.7009513062E-19     1.000000000    
   121     1    0.5365734481E-19     1.000000000    
   122   225    0.4285248992E-19     1.000000000    
   123   253    0.3853051394E-19     1.000000000    
   124    76    0.3641652101E-19     1.000000000    
   125    34    0.3342605506E-19     1.000000000    
   126   386    0.3319738945E-19     1.000000000    
   127   278    0.3108454655E-19     1.000000000    
   128   276    0.3081765686E-19     1.000000000    
   129     6    0.2877892148E-19     1.000000000    
   130   256    0.2746703677E-19     1.000000000    
   131   403    0.2686080424E-19     1.000000000    
   132   238    0.2654546458E-19     1.000000000    
   133   224    0.2447803237E-19     1.000000000    
   134   113    0.2399350138E-19     1.000000000    
   135   366    0.2394623222E-19     1.000000000    
   136    33    0.2218747012E-19     1.000000000    
   137   371    0.2112287473E-19     1.000000000    
   138   294    0.1771879433E-19     1.000000000    
   139   327    0.1724974238E-19     1.000000000    
   140   385    0.1532161429E-19     1.000000000    
   141    74    0.1298459811E-19     1.000000000    
   142     2    0.6288259806E-20     1.000000000    
   143   254    0.6071542306E-20     1.000000000    
   144   388    0.5853390248E-20     1.000000000    
   145     7    0.5111195505E-20     1.000000000    
   146   258    0.4381945583E-20     1.000000000    
   147   133    0.3364904743E-20     1.000000000    
   148    29    0.2578549767E-20     1.000000000    
   149    54    0.1864886489E-20     1.000000000    
   150   255    0.1642983657E-20     1.000000000    
   151     8    0.1563318804E-20     1.000000000    
   152   135    0.1494107372E-20     1.000000000    
   153   376    0.1426869290E-20     1.000000000    
   154   296    0.1265527266E-20     1.000000000    
   155   259    0.1213725822E-20     1.000000000    
   156   236    0.1210560389E-20     1.000000000    
   157   337    0.1134009940E-20     1.000000000    
   158    38    0.1114464547E-20     1.000000000    
   159   257    0.1039929617E-20     1.000000000    
   160   195    0.9550284610E-21     1.000000000    
   161    39    0.8812023654E-21     1.000000000    
   162   237    0.8754428859E-21     1.000000000    
   163    36    0.7353891246E-21     1.000000000    
   164   134    0.7340343605E-21     1.000000000    
   165   387    0.6585436240E-21     1.000000000    
   166   277    0.5442470048E-21     1.000000000    
   167   115    0.5156081104E-21     1.000000000    
   168    99    0.4936275430E-21     1.000000000    
   169    55    0.4460692796E-21     1.000000000    
   170    77    0.4415718366E-21     1.000000000    
   171    32    0.4332076576E-21     1.000000000    
   172   281    0.4129186015E-21     1.000000000    
   173   395    0.3292194538E-21     1.000000000    
   174   336    0.3002781786E-21     1.000000000    
   175   114    0.2838989415E-21     1.000000000    
   176   100    0.2758212000E-21     1.000000000    
   177    57    0.2635805512E-21     1.000000000    
   178   393    0.2405463672E-21     1.000000000    
   179    78    0.2370080707E-21     1.000000000    
   180    56    0.2212184020E-21     1.000000000    
   181   359    0.2202694048E-21     1.000000000    
   182    35    0.2095267664E-21     1.000000000    
   183   407    0.1768983506E-21     1.000000000    
   184   405    0.1621051868E-21     1.000000000    
   185     3    0.1428550893E-21     1.000000000    
   186   279    0.1372175956E-21     1.000000000    
   187    58    0.6646871702E-22     1.000000000    
   188   103    0.5802909957E-22     1.000000000    
   189   242    0.5550797416E-22     1.000000000    
   190     9    0.5229883488E-22     1.000000000    
   191   372    0.2112500981E-22     1.000000000    
   192   136    0.2028001050E-22     1.000000000    
   193   283    0.1512693429E-22     1.000000000    
   194   102    0.1505118824E-22     1.000000000    
   195   137    0.1484522970E-22     1.000000000    
   196   420    0.1441208265E-22     1.000000000    
   197    60    0.1374787072E-22     1.000000000    
   198   104    0.1135103958E-22     1.000000000    
   199    82    0.1016831920E-22     1.000000000    
   200    81    0.8789605921E-23     1.000000000    
   201    61    0.8070228543E-23     1.000000000    
   202   171    0.8049464035E-23     1.000000000    
   203   196    0.8032047600E-23     1.000000000    
   204   415    0.7809248944E-23     1.000000000    
   205   140    0.7774025581E-23     1.000000000    
   206   187    0.7392929639E-23     1.000000000    
   207   155    0.7232500571E-23     1.000000000    
   208   197    0.6729268099E-23     1.000000000    
   209   307    0.6411353436E-23     1.000000000    
   210    80    0.6303283995E-23     1.000000000    
   211   156    0.6061484405E-23     1.000000000    
   212   319    0.5827008221E-23     1.000000000    
   213   316    0.5411121622E-23     1.000000000    
   214   384    0.4803778685E-23     1.000000000    
   215   347    0.4696630196E-23     1.000000000    
   216    79    0.4412156734E-23     1.000000000    
   217   280    0.4283982215E-23     1.000000000    
   218   323    0.4089559532E-23     1.000000000    
   219   138    0.3162474339E-23     1.000000000    
   220   430    0.2913491185E-23     1.000000000    
   221    37    0.2650714765E-23     1.000000000    
   222   445    0.2529337194E-23     1.000000000    
   223   394    0.2431628918E-23     1.000000000    
   224    59    0.2183391161E-23     1.000000000    
   225   383    0.2122776486E-23     1.000000000    
   226   229    0.1986042262E-23     1.000000000    
   227   312    0.1622395254E-23     1.000000000    
   228   374    0.1533993457E-23     1.000000000    
   229   324    0.1428026723E-23     1.000000000    
   230   285    0.1007870988E-23     1.000000000    
   231   239    0.9326024467E-24     1.000000000    
   232   260    0.7947937825E-24     1.000000000    
   233   116    0.5413234298E-24     1.000000000    
   234   143    0.5396959370E-24     1.000000000    
   235    83    0.5038188984E-24     1.000000000    
   236   201    0.3751889700E-24     1.000000000    
   237   432    0.3679259537E-24     1.000000000    
   238   172    0.3589448915E-24     1.000000000    
   239   119    0.3044538533E-24     1.000000000    
   240   282    0.2911032980E-24     1.000000000    
   241   106    0.2800141693E-24     1.000000000    
   242   202    0.2671517033E-24     1.000000000    
   243   120    0.2647462033E-24     1.000000000    
   244    65    0.2425158604E-24     1.000000000    
   245    84    0.2371249399E-24     1.000000000    
   246   101    0.2300599116E-24     1.000000000    
   247   263    0.2291348720E-24     1.000000000    
   248    85    0.2237117320E-24     1.000000000    
   249   117    0.2229601303E-24     1.000000000    
   250   121    0.2103615799E-24     1.000000000    
   251    63    0.2065784971E-24     1.000000000    
   252   105    0.2063478112E-24     1.000000000    
   253   188    0.1934577375E-24     1.000000000    
   254   373    0.1813295102E-24     1.000000000    
   255   284    0.1673519545E-24     1.000000000    
   256   261    0.1573348611E-24     1.000000000    
   257   154    0.1393433566E-24     1.000000000    
   258   203    0.1376958560E-24     1.000000000    
   259   118    0.1097052560E-24     1.000000000    
   260   160    0.1024073962E-24     1.000000000    
   261    10    0.9857636230E-25     1.000000000    
   262   189    0.9807549050E-25     1.000000000    
   263   243    0.9409766016E-25     1.000000000    
   264   159    0.9216249437E-25     1.000000000    
   265    11    0.8734753634E-25     1.000000000    
   266   174    0.8631724821E-25     1.000000000    
   267    64    0.8582684426E-25     1.000000000    
   268   204    0.7982378892E-25     1.000000000    
   269   139    0.7951590216E-25     1.000000000    
   270    12    0.6568252636E-25     1.000000000    
   271   352    0.5859357098E-25     1.000000000    
   272    62    0.5830585724E-25     1.000000000    
   273   355    0.5090727583E-25     1.000000000    
   274   141    0.4250110139E-25     1.000000000    
   275   401    0.3916534259E-25     1.000000000    
   276   262    0.3713194502E-25     1.000000000    
   277   198    0.3173762237E-25     1.000000000    
   278   369    0.3155980149E-25     1.000000000    
   279    66    0.3024216873E-25     1.000000000    
   280    68    0.2817782276E-25     1.000000000    
   281   328    0.2778718270E-25     1.000000000    
   282   190    0.2704233923E-25     1.000000000    
   283    42    0.2597864083E-25     1.000000000    
   284   264    0.2542173802E-25     1.000000000    
   285    14    0.2387686250E-25     1.000000000    
   286   144    0.2344130959E-25     1.000000000    
   287    13    0.2242061250E-25     1.000000000    
   288   422    0.2199223371E-25     1.000000000    
   289   265    0.1818348011E-25     1.000000000    
   290    15    0.1678753479E-25     1.000000000    
   291   142    0.1663105744E-25     1.000000000    
   292   241    0.1660994358E-25     1.000000000    
   293   157    0.1634767078E-25     1.000000000    
   294    69    0.1633683465E-25     1.000000000    
   295   107    0.1596038251E-25     1.000000000    
   296   199    0.1571210071E-25     1.000000000    
   297   205    0.1436034641E-25     1.000000000    
   298    67    0.1392573167E-25     1.000000000    
   299   145    0.1312752920E-25     1.000000000    
   300   122    0.1291546746E-25     1.000000000    
   301   158    0.1161368890E-25     1.000000000    
   302   308    0.1000995523E-25     1.000000000    
   303   329    0.9562082017E-26     1.000000000    
   304   356    0.8590885627E-26     1.000000000    
   305    16    0.8268387049E-26     1.000000000    
   306   421    0.8040723688E-26     1.000000000    
   307    71    0.4918975932E-26     1.000000000    
   308   333    0.4875739395E-26     1.000000000    
   309   108    0.4516255000E-26     1.000000000    
   310    17    0.3975255328E-26     1.000000000    
   311   173    0.3925578661E-26     1.000000000    
   312   244    0.3918757308E-26     1.000000000    
   313    43    0.3702291925E-26     1.000000000    
   314   200    0.3688070964E-26     1.000000000    
   315   400    0.3650085562E-26     1.000000000    
   316    18    0.3430452278E-26     1.000000000    
   317   175    0.3395199498E-26     1.000000000    
   318   177    0.2929417453E-26     1.000000000    
   319    19    0.2874369895E-26     1.000000000    
   320   109    0.2805085531E-26     1.000000000    
   321   245    0.2686512293E-26     1.000000000    
   322   206    0.2580786031E-26     1.000000000    
   323   110    0.2349975522E-26     1.000000000    
   324    41    0.2157971392E-26     1.000000000    
   325   246    0.2131907967E-26     1.000000000    
   326   310    0.1838190085E-26     1.000000000    
   327   389    0.1719795326E-26     1.000000000    
   328   341    0.1590014291E-26     1.000000000    
   329   334    0.1522434038E-26     1.000000000    
   330   350    0.1470675490E-26     1.000000000    
   331   343    0.1346061716E-26     1.000000000    
   332   340    0.1222655979E-26     1.000000000    
   333   326    0.1139995846E-26     1.000000000    
   334   354    0.8789853034E-27     1.000000000    
   335   353    0.8580696041E-27     1.000000000    
   336    20    0.7994339186E-27     1.000000000    
   337   309    0.7200563527E-27     1.000000000    
   338    70    0.6644976776E-27     1.000000000    
   339   433    0.6249136962E-27     1.000000000    
   340    87    0.5753667941E-27     1.000000000    
   341   111    0.4767375682E-27     1.000000000    
   342   330    0.4649191875E-27     1.000000000    
   343   178    0.4648644653E-27     1.000000000    
   344    88    0.4437642513E-27     1.000000000    
   345   240    0.4224308288E-27     1.000000000    
   346    86    0.4101020705E-27     1.000000000    
   347    40    0.3030204121E-27     1.000000000    
   348   124    0.2606713600E-27     1.000000000    
   349    44    0.2418644048E-27     1.000000000    
   350    22    0.2288542072E-27     1.000000000    
   351   313    0.2074826848E-27     1.000000000    
   352   147    0.1957009866E-27     1.000000000    
   353   146    0.1864739996E-27     1.000000000    
   354    45    0.1570646751E-27     1.000000000    
   355    89    0.1460296508E-27     1.000000000    
   356   149    0.1065669454E-27     1.000000000    
   357    23    0.8616859603E-28     1.000000000    
   358   248    0.8615010481E-28     1.000000000    
   359   331    0.7027561555E-28     1.000000000    
   360   431    0.6889257626E-28     1.000000000    
   361   357    0.6528151450E-28     1.000000000    
   362   181    0.6464782297E-28     1.000000000    
   363   150    0.6150535845E-28     1.000000000    
   364    72    0.5833304524E-28     1.000000000    
   365   266    0.5318308619E-28     1.000000000    
   366    46    0.4753026756E-28     1.000000000    
   367   404    0.4726900433E-28     1.000000000    
   368   211    0.4177354596E-28     1.000000000    
   369   247    0.3990339651E-28     1.000000000    
   370    47    0.3240998951E-28     1.000000000    
   371   429    0.2303136951E-28     1.000000000    
   372    90    0.2282558617E-28     1.000000000    
   373   176    0.2221221793E-28     1.000000000    
   374    91    0.2057434656E-28     1.000000000    
   375    24    0.1923926485E-28     1.000000000    
   376   442    0.1842719452E-28     1.000000000    
   377   413    0.1839420089E-28     1.000000000    
   378   182    0.1546049356E-28     1.000000000    
   379   162    0.1489431442E-28     1.000000000    
   380   251    0.1417310150E-28     1.000000000    
   381   183    0.1405594338E-28     1.000000000    
   382    49    0.1288086964E-28     1.000000000    
   383   126    0.1282547284E-28     1.000000000    
   384   212    0.9933315604E-29     1.000000000    
   385    25    0.9063844733E-29     1.000000000    
   386   249    0.8406561989E-29     1.000000000    
   387   123    0.8226659765E-29     1.000000000    
   388   416    0.7960271244E-29     1.000000000    
   389    50    0.7919084616E-29     1.000000000    
   390   125    0.7552452146E-29     1.000000000    
   391   207    0.7455963885E-29     1.000000000    
   392   439    0.7315227435E-29     1.000000000    
   393   127    0.7111481536E-29     1.000000000    
   394   250    0.7068289953E-29     1.000000000    
   395   148    0.6180996756E-29     1.000000000    
   396    48    0.5903101917E-29     1.000000000    
   397   208    0.5585252368E-29     1.000000000    
   398   191    0.5292696055E-29     1.000000000    
   399   161    0.4806197873E-29     1.000000000    
   400   192    0.3260669124E-29     1.000000000    
   401   428    0.3246796920E-29     1.000000000    
   402   410    0.2883851000E-29     1.000000000    
   403   209    0.2762959449E-29     1.000000000    
   404   179    0.1807769615E-29     1.000000000    
   405    21    0.1800576642E-29     1.000000000    
   406   163    0.1041362111E-29     1.000000000    
   407   180    0.7943873083E-30     1.000000000    
   408   440    0.5850175361E-30     1.000000000    
   409   210    0.3432310302E-30     1.000000000    
   410   129    0.2092114385E-30     1.000000000    
   411   128    0.2061363841E-30     1.000000000    
   412    92    0.1926790905E-30     1.000000000    
   413   414    0.1914022192E-30     1.000000000    
   414   436    0.1740926939E-30     1.000000000    
   415   193    0.1734928474E-30     1.000000000    
   416   423    0.1586548682E-30     1.000000000    
   417   409    0.1368246104E-30     1.000000000    
   418   151    0.7666338353E-31     1.000000000    
   419   424    0.3964652307E-31     1.000000000    
   420   434    0.3364122678E-31     1.000000000    
   421    26    0.3099758301E-31     1.000000000    
   422   412    0.2859149909E-31     1.000000000    
   423   166    0.1427783130E-31     1.000000000    
   424   443    0.1024919431E-31     1.000000000    
   425   437    0.7277987963E-32     1.000000000    
   426   427    0.6857516628E-32     1.000000000    
   427    93    0.6187392124E-32     1.000000000    
   428   167    0.3021144196E-32     1.000000000    
   429   165    0.2697171217E-32     1.000000000    
   430   402    0.1676042830E-32     1.000000000    
   431   164    0.8381417955E-33     1.000000000    
   432   184    0.8132415990E-33     1.000000000    
   433   411    0.5179339945E-33     1.000000000    
   434   321    0.3944520209E-33     1.000000000    
   435   185    0.2706868290E-33     1.000000000    
   436   441    0.1112355586E-33     1.000000000    
   437   194    0.9027170162E-34     1.000000000    
   438   168    0.1982872050E-34     1.000000000    
   439   169    0.5705288155E-35     1.000000000    
   440   444    0.6521416096E-36     1.000000000    
   441   344    0.4083809619E-36     1.000000000    
   442   425    0.6321475380E-37     1.000000000    
   443   435    0.3088394415E-37     1.000000000    
For disconnectionDPS use line TRMIN 2      445 min.minus min.plus and 
CHOOSECOLOURS in the dinfo file
