         1    -153.3017675    
         2    -153.3017675    
         3    -153.3017675    
         4    -153.3017814    
         5    -153.3017838    
         6    -153.3017838    
         7    -153.3017838    
         8    -153.3017838    
         9    -153.4255116    
        10    -153.4255116    
        11    -153.4255116    
        12    -153.4255116    
        13    -153.4255116    
        14    -153.4255116    
        15    -153.4255116    
        16    -153.4255116    
        17    -153.4255116    
        18    -153.4255116    
        19    -153.4255116    
        20    -153.4255116    
        21    -153.4255116    
        22    -153.4255116    
        23    -153.4255116    
        24    -153.4255116    
        25    -153.4255116    
        26    -153.4255116    
        27    -153.4255116    
        28    -153.4255116    
        29    -153.4255116    
        30    -153.4255116    
        31    -153.4255116    
        32    -153.4255116    
        33    -153.4255116    
        34    -153.4255116    
        35    -153.4255116    
        36    -153.4255116    
        37    -153.4255116    
        38    -153.4255116    
        39    -153.4255116    
        40    -153.4255116    
        41    -153.4255116    
        42    -153.4255116    
        43    -153.4314433    
        44    -153.4314433    
        45    -153.4314624    
        46    -153.4314624    
        47    -153.4314624    
        48    -153.4314624    
        49    -153.4314624    
        50    -153.4314624    
        51    -153.4314624    
        52    -153.4314624    
        53    -153.4314624    
        54    -153.4314624    
        55    -153.4314624    
        56    -153.4314624    
        57    -153.4314633    
        58    -153.4418887    
        59    -153.4419219    
        60    -153.4419219    
        61    -153.4419363    
        62    -153.4419363    
        63    -153.4419363    
        64    -153.4419363    
        65    -153.4419363    
        66    -153.4419363    
        67    -153.4419363    
        68    -153.4419363    
        69    -153.4419363    
        70    -153.4419363    
        71    -153.4419363    
        72    -153.4419363    
        73    -153.4419363    
        74    -153.4419363    
        75    -153.4419363    
        76    -153.4419363    
        77    -153.4419363    
        78    -153.4419363    
        79    -153.4419363    
        80    -153.4419363    
        81    -153.4419363    
        82    -153.4419363    
        83    -153.4419363    
        84    -153.4419363    
        85    -153.4419363    
        86    -153.4419363    
        87    -153.4419363    
        88    -153.4419363    
        89    -153.4419363    
        90    -153.4419363    
        91    -153.4419363    
        92    -153.4419363    
        93    -153.4419363    
        94    -153.4419363    
        95    -153.4419363    
        96    -153.4419363    
        97    -153.4419363    
        98    -153.4419363    
        99    -153.4419363    
       100    -153.4419363    
