         1    -152.9587820    
         2    -152.9587820    
         3    -152.9587820    
         4    -153.3017824    
         5    -153.3017824    
         6    -153.3017824    
         7    -153.3017824    
         8    -153.3017824    
         9    -153.3017824    
        10    -153.3017824    
        11    -153.3017824    
        12    -153.3017824    
        13    -153.3017824    
        14    -153.3017824    
        15    -153.3017824    
        16    -153.3017824    
        17    -153.3017824    
        18    -153.3017824    
        19    -153.3017824    
        20    -153.3017824    
        21    -153.3017824    
        22    -153.3017824    
        23    -153.3017824    
        24    -153.3017824    
        25    -153.3017824    
        26    -153.3017824    
        27    -153.3017824    
        28    -153.3017824    
        29    -153.3017824    
        30    -153.3017824    
        31    -153.3017824    
        32    -153.3017824    
        33    -153.3017824    
        34    -154.0383948    
        35    -154.0383948    
        36    -154.0383948    
        37    -154.0383948    
        38    -154.0383948    
        39    -154.0383948    
        40    -154.0383948    
        41    -154.0383948    
        42    -154.0383948    
        43    -154.0383948    
        44    -154.0383948    
        45    -154.0383948    
        46    -154.0383948    
        47    -154.0383948    
        48    -154.0383948    
        49    -154.0383948    
        50    -154.0383948    
        51    -154.0383948    
        52    -154.0383948    
        53    -154.0383948    
        54    -154.0383948    
        55    -154.0383948    
        56    -154.0383948    
        57    -154.0383948    
        58    -154.0383948    
        59    -154.0383948    
        60    -154.0383948    
        61    -154.0383948    
        62    -154.0383948    
        63    -154.0383948    
        64    -154.0383948    
        65    -154.0383948    
        66    -154.0383948    
        67    -154.0383948    
        68    -154.0383948    
        69    -154.0383948    
        70    -154.0383948    
        71    -154.0383948    
        72    -154.0383948    
        73    -154.0383948    
        74    -154.0383948    
        75    -154.0383948    
        76    -154.0383948    
        77    -154.0383948    
        78    -154.0383948    
        79    -154.0383948    
        80    -154.0383948    
        81    -154.0383948    
        82    -154.0383948    
        83    -154.0383948    
        84    -154.0383948    
        85    -154.0383948    
        86    -154.0383948    
        87    -154.0383948    
        88    -154.0383948    
        89    -154.0383948    
        90    -154.0383948    
        91    -154.0383948    
        92    -154.0383948    
        93    -154.0383948    
        94    -154.0383948    
        95    -154.0383948    
        96    -154.0383948    
        97    -154.0383948    
        98    -154.0383948    
        99    -154.0383948    
       100    -154.0383948    
