         1     -152.9588039282
         2     -152.9588522362
         3     -152.9588276748
         4     -152.9588130627
         5     -151.8389386548
         6      -34.0750959517
         7     -152.9588399487
         8     -152.9517826911
         9     -152.9517000277
        10     -152.9517400708
        11     -152.9517626126
        12     -153.0758524731
        13     -152.9517867592
        14     -153.0758470342
        15     -153.0758702195
        16     -153.0758727634
        17     -153.0758721974
        18     -153.0757328908
        19     -153.0819265483
        20     -153.0758700384
        21     -152.9517842570
        22     -152.9676143939
        23     -152.9676260673
        24     -153.2478294939
        25     -153.2478214812
        26     -153.2478279186
        27     -153.2478286849
        28     -153.2478032715
        29     -151.2268027542
        30     -153.2478120732
        31     -153.2478257855
        32     -153.2617706972
        33     -153.2617661736
        34     -153.2617691865
        35     -153.2617626941
        36     -153.2617692339
        37     -151.8315929197
        38     -151.8315473845
        39     -151.8315760478
        40     -151.8315980718
        41     -151.2153154579
        42     -151.8315980707
        43     -151.8315865794
        44     -151.8308045468
        45     -151.8307920291
        46     -150.4869553392
        47     -151.8308106542
        48     -151.8308265518
        49     -150.7611251556
        50     -151.8308265544
        51     -151.8307948297
        52     -151.8308152744
        53     -151.8308068148
        54     -151.8307571887
        55     -151.8308170125
        56     -151.8307983381
        57     -151.8308191093
        58     -151.8308034167
        59     -150.7611498931
        60     -150.4985212970
        61     -150.4985213015
        62     -150.4984954768
        63     -150.4985088800
        64     -150.5334083425
        65     -150.5334060252
        66     -150.5334129714
        67     -150.5334161886
        68      -24.2771685014
        69     -150.5334167311
        70     -150.5334077027
        71     -150.5334158975
        72     -150.5334167330
        73     -150.5334110422
        74     -150.4984996908
        75     -150.4985112532
        76     -150.4985049538
        77     -150.4985134448
        78      -15.1750472686
        79     -150.4985010182
        80     -150.4985213019
        81     -150.4985107652
        82     -150.4984706717
        83     -150.4985213025
        84     -150.4985102812
        85     -150.5027609822
        86     -151.6525784845
        87      -25.2786443710
        88     -151.6871252238
        89     -151.2998975771
        90     -151.4348182021
        91     -151.4348143150
        92     -151.4348019839
        93     -151.4347974958
        94     -153.7659444455
        95     -153.7659397768
        96     -152.6819894294
        97     -153.7659444530
        98     -153.7659392051
        99     -153.7659349440
       100     -153.7695245612
