         1      -23.9031881298
         2     -152.9588522362
         3     -152.9588242846
         4     -152.9587347342
         5     -152.0107391366
         6     -152.9588305944
         7     -152.9588087367
         8     -152.9588522349
         9     -152.9588252394
        10     -152.9588138107
        11     -152.9588287966
        12     -152.9588382822
        13     -152.9588196840
        14     -152.3264469064
        15     -151.1806157647
        16     -152.3263856150
        17     -152.3264324908
        18     -152.4069646828
        19     -152.4069466318
        20     -152.4069627706
        21     -153.4813883768
        22     -152.4642488256
        23     -152.9588522313
        24     -152.9588522346
        25     -152.9588346245
        26     -152.9588405590
        27     -152.9588435913
        28     -152.4069491002
        29     -152.4069626032
        30     -152.4069592819
        31     -152.3800488159
        32     -152.3800480594
        33     -152.3800510618
        34     -152.6814626736
        35     -152.6923419571
        36     -152.3498240876
        37     -151.3683812145
        38     -152.6923732116
        39     -152.6923352387
        40     -152.6923711747
        41     -152.6923569178
        42     -151.3684386010
        43     -152.6923408381
        44     -152.6923518516
        45     -152.6923561054
        46     -152.6814586062
        47     -152.7359820842
        48     -152.7360105725
        49     -152.7360091205
        50     -152.7359594941
        51     -152.6814171019
        52     -152.6813775854
        53     -151.8950571173
        54     -152.6814626709
        55     -152.6814626726
        56     -152.6814181080
        57     -152.6814597673
        58     -152.6923359258
        59     -152.6923661410
        60      -33.8112559854
        61     -152.6923625461
        62     -152.6923731950
        63     -152.6923596944
        64     -152.6923597074
        65     -151.5813534163
        66     -152.6923702443
        67     -151.9050600238
        68     -152.3497992162
        69     -152.7443311040
        70     -152.4019423177
        71     -152.7443025502
        72      -33.8578945553
        73     -152.7443164741
        74     -152.7442864202
        75     -153.4419362952
        76     -153.3116102621
        77     -153.3116397883
        78     -153.3116253812
        79     -153.3116223320
        80     -152.3498240805
        81     -152.3498148567
        82     -152.3497386835
        83     -152.3497982435
        84     -151.2336714039
        85     -152.3498240889
        86     -152.4049477869
        87     -152.4049009948
        88     -152.4049334739
        89     -152.4049565311
        90     -152.4049274046
        91     -152.4048796737
        92     -152.4049577014
        93     -152.4049561728
        94     -152.4049273980
        95     -153.0919693513
        96     -153.0919323922
        97     -153.0919158142
        98     -153.0919647244
        99     -153.0919693506
       100     -151.4008766522
