         1     -152.9750955117
         2     -153.3189190537
         3     -153.3115734974
         4     -151.9028983725
         5     -153.3116236382
         6     -153.3116167155
         7     -153.3116398521
         8     -153.3116332199
         9     -152.3694819671
        10     -153.3115622228
        11     -153.3116250873
        12     -151.2073184446
        13      -20.1860785554
        14     -153.3116349210
        15     -153.3116373578
        16     -153.3116163850
        17     -152.9676260664
        18     -152.9676260648
        19     -152.9676207227
        20     -153.3116398583
        21     -153.3116314173
        22     -153.3017562291
        23     -153.3017578200
        24     -153.3017320397
        25     -153.3017502546
        26     -152.3600769464
        27     -152.3534237767
        28     -151.8901674370
        29     -151.8901363065
        30     -151.8901591812
        31     -151.8901071651
        32     -151.8901674359
        33     -150.3810986142
        34     -151.8901661262
        35     -151.8901648468
        36     -151.8900732443
        37     -151.8891081444
        38     -151.8890949739
        39     -151.8891142334
        40     -151.8891110381
        41     -151.8891118174
        42     -151.8891039183
        43     -151.8891143204
        44     -151.8889708832
        45     -151.8934355323
        46     -151.8935599476
        47     -151.8935443524
        48     -151.8890901784
        49     -151.8891085722
        50     -151.8890574132
        51     -151.8891027638
        52     -151.8890635891
        53      -17.2268370498
        54     -151.8891048163
        55     -151.8890929487
        56     -150.3797086968
        57     -150.3796912953
        58     -150.3796478173
        59     -150.3796795193
        60     -150.3796622634
        61     -150.3796969941
        62     -149.3497039318
        63     -149.3497387913
        64     -149.3497520790
        65     -149.3497419381
        66     -149.3497496881
        67     -149.3497543546
        68     -149.3497524347
        69     -150.7930235390
        70     -152.6913540765
        71     -152.6913531977
        72     -151.4740103873
        73     -150.7972307717
        74     -152.6913402185
        75     -153.4872163021
        76     -153.4901079021
        77     -151.1570490832
        78     -152.2727011359
        79     -153.4901091822
        80     -153.4870927967
        81     -153.4870974085
        82     -151.2081623533
        83     -153.4870968368
        84     -153.4870937724
        85     -153.4901050022
        86     -153.4901019828
        87     -153.4901006102
        88     -153.4872235409
        89     -153.4872235708
        90     -150.6799051260
        91     -153.4872211654
        92     -151.6946373974
        93     -153.4872162349
        94     -153.4872202981
        95     -153.4872002067
        96     -153.4872211665
        97     -151.6916572137
        98     -153.4872235738
        99     -153.4872229852
       100     -153.4872228031
