         1     -152.9588166201
         2     -152.9588435239
         3     -152.9588217108
         4     -152.9588324392
         5     -153.0819081551
         6     -153.0818796521
         7     -153.0819069805
         8     -153.0819207506
         9     -153.0819218883
        10     -153.0819223344
        11     -153.0818440496
        12     -153.0984170412
        13     -153.0984208244
        14     -153.0984110981
        15     -151.2205486404
        16     -153.0984103320
        17     -153.0984185995
        18     -153.0819026111
        19     -153.0817833444
        20     -153.0818965978
        21     -153.0819245353
        22     -153.0819161632
        23     -152.9588402994
        24     -152.9588373899
        25     -152.9588364114
        26     -152.9588430294
        27     -152.9588406105
        28     -152.9588431872
        29     -152.9588447668
        30     -152.9588391750
        31     -152.9588252101
        32     -152.9588218000
        33     -152.9588056139
        34     -152.9588298701
        35      -13.9931647144
        36     -152.4339936263
        37     -152.4339932941
        38     -152.3814366691
        39     -151.2353844771
        40     -152.3814366671
        41     -152.3814312107
        42     -153.0819265500
        43     -152.0062090191
        44     -152.4339939151
        45     -152.4339816847
        46     -152.4339931432
        47     -153.3086722997
        48     -153.3086796641
        49     -153.3086831107
        50     -151.9215783769
        51     -153.3086854467
        52     -153.3086767353
        53     -153.3086146052
        54     -153.3085889264
        55     -151.9986615006
        56     -151.8041489707
        57     -153.3086701132
        58     -153.3086626185
        59     -153.4314545934
        60     -152.6936386482
        61     -153.4314592791
        62     -153.4314539527
        63     -153.4314490289
        64     -153.4314549983
        65     -153.4314615725
        66     -153.4314603980
        67     -153.4314633484
        68     -153.1212032003
        69     -153.1212140146
        70     -152.0505750665
        71     -152.0434699432
        72     -152.0434621634
        73     -153.1153534896
        74     -151.1608289491
        75     -153.1153663758
        76     -153.1153585290
        77     -153.1153682466
        78     -153.1153117142
        79     -151.1608289465
        80     -153.1153166656
        81     -153.1153171945
        82     -153.1153538923
        83     -153.1153608308
        84     -153.1153656354
        85     -153.1153646327
        86     -153.1153453262
        87     -153.1153643680
        88     -152.4257504641
        89     -153.1153642152
        90     -150.5981412078
        91     -153.1153480456
        92     -153.1153621510
        93     -153.1153611082
        94     -152.9916227706
        95     -152.3841396768
        96     -153.1153708823
        97     -149.8378944989
        98     -153.1153708821
        99     -153.1153434005
       100     -153.1153481349
