         1     -152.0020693590
         2     -152.9588179449
         3     -152.9588404241
         4     -152.9588178043
         5     -152.9588506466
         6      -20.2774140195
         7     -152.9588286769
         8     -152.9588424061
         9     -152.3264469096
        10     -152.3264233039
        11     -151.5375629627
        12     -151.5375134679
        13     -151.5551750029
        14     -151.5551722981
        15     -151.5551639586
        16     -151.5551393144
        17     -151.5551852091
        18     -151.5551546354
        19      -18.8700516061
        20     -151.5551692048
        21     -151.5551635179
        22     -151.5551488118
        23     -151.5551830198
        24     -151.5551766894
        25     -151.5553575604
        26     -152.3498240825
        27     -152.3498172824
        28     -152.3498207967
        29     -151.5553337938
        30     -152.3498130996
        31     -152.3498240829
        32     -152.3498101045
        33     -152.6923732125
        34     -152.6893526894
        35     -152.6923732122
        36     -152.6923728958
        37     -152.3498176287
        38     -152.3498189120
        39     -152.3498239892
        40     -152.3497808651
        41     -151.2490022248
        42     -153.2478295079
        43     -153.2478253465
        44     -153.3083348270
        45     -153.3083417752
        46     -153.3083224877
        47     -153.3083418119
        48     -151.2657767480
        49     -151.2657628828
        50     -151.2718110034
        51     -151.2718109741
        52     -151.2717979260
        53     -151.2718284960
        54     -151.2717587840
        55     -151.2718173474
        56     -151.2717854920
        57     -151.2718226905
        58     -151.2718285007
        59     -151.9972126181
        60     -151.9972142947
        61     -151.9971579016
        62     -151.9972142984
        63     -152.1190821590
        64     -152.1191018026
        65     -151.9949210253
        66     -151.9949194573
        67     -151.9949355443
        68     -151.9949221178
        69     -151.9949440023
        70     -152.1191421707
        71     -152.1191386771
        72     -152.1191434222
        73     -153.4255761004
        74     -153.4255365317
        75     -153.4255744634
        76     -153.4255677693
        77     -153.0758727650
        78     -152.7360159298
        79     -153.4255681047
        80     -153.4255357399
        81     -153.4255664381
        82     -153.4255760911
        83     -153.4255713145
        84     -152.3534237783
        85     -152.1190151721
        86     -153.4255761017
        87     -153.4255426552
        88     -153.4255628654
        89     -153.4255330800
        90     -153.0758727645
        91     -151.9988497807
        92     -151.9988418023
        93     -152.0037524284
        94     -150.8843564135
        95     -151.3864978793
        96     -149.5296615504
        97     -151.3864817249
        98     -151.3864958003
        99     -151.3864856084
       100     -152.9675648738
