         1     -152.9517811978
         2     -152.9517506545
         3     -152.9517643613
         4     -153.3017823758
         5     -153.3017707360
         6     -153.3017537720
         7     -152.6814626723
         8     -152.6814608217
         9     -152.6814555147
        10     -152.6814265879
        11     -152.6814455344
        12     -152.7360064164
        13     -152.7360062442
        14     -152.7359728017
        15     -152.7471925632
        16     -152.7471832765
        17     -152.6923213297
        18     -152.6923732111
        19     -152.6923619645
        20     -152.6923645091
        21     -152.6923538565
        22     -152.6923732114
        23     -152.6922495761
        24     -151.2463164672
        25     -152.6923664097
        26     -152.6923243860
        27     -152.6923732139
        28     -152.6923565043
        29     -152.6923507367
        30     -152.6923732145
        31     -152.6923639638
        32     -151.2073184466
        33     -152.6923721827
        34     -154.0383948362
        35     -154.0383930978
        36     -154.0383941053
        37     -154.0383946960
        38     -154.0383947765
        39     -154.0383927583
        40     -154.0383859394
        41     -154.0383904427
        42     -154.0383948397
        43     -154.0383888472
        44     -154.0383948190
        45     -154.0383917034
        46     -152.9821150433
        47     -152.9821139024
        48     -152.9821170257
        49     -152.9821056408
        50     -152.9821141344
        51     -152.9821144493
        52      -19.9477275169
        53     -152.9820901872
        54     -151.6613711386
        55     -152.9821118106
        56     -152.9821156564
        57     -152.9821185716
        58     -152.9821094351
        59     -152.9821022797
        60     -152.9821122866
        61     -152.9821140288
        62     -152.9820960781
        63     -150.8258154322
        64     -152.9821080714
        65     -152.6893645227
        66     -152.6893578096
        67     -153.3189190529
        68     -153.3189190544
        69     -153.3189150786
        70     -153.3188658150
        71     -153.3188946787
        72     -153.3189154492
        73     -153.3189022560
        74     -153.4314628898
        75     -153.4314524835
        76     -151.9906070844
        77     -153.4314450922
        78     -153.4314462725
        79     -153.4314608834
        80     -153.4314564886
        81     -153.4314633465
        82     -153.4314633496
        83     -153.4314316819
        84     -153.4314509275
        85     -153.3086586883
        86     -153.3086607868
        87     -153.3086715662
        88      -34.4223269680
        89     -153.4314581150
        90     -153.4314633464
        91     -151.2186643728
        92     -153.4314072438
        93     -153.4314454472
        94     -153.4314435195
        95     -152.0447041832
        96     -153.4314633477
        97     -153.4314187373
        98     -153.4314633480
        99     -152.1252522349
       100     -153.4314613018
