         1    -152.9587820    
         2    -152.9587820    
         3    -152.9588179    
         4    -152.9588404    
         5    -152.9588178    
         6    -152.9588506    
         7    -152.9588506    
         8    -152.9588287    
         9    -152.9588424    
        10    -152.3264469    
        11    -152.3264233    
        12    -151.5375630    
        13    -151.5375135    
        14    -151.5551750    
        15    -151.5551723    
        16    -151.5551640    
        17    -151.5551393    
        18    -151.5551852    
        19    -151.5551546    
        20    -151.5551546    
        21    -151.5551692    
        22    -151.5551635    
        23    -151.5551488    
        24    -151.5551830    
        25    -151.5551767    
        26    -151.5553576    
        27    -152.3498241    
        28    -152.3498173    
        29    -152.3498208    
        30    -152.3498208    
        31    -152.3498131    
        32    -152.3498241    
        33    -152.3498101    
        34    -152.6923732    
        35    -152.6893527    
        36    -152.6923732    
        37    -152.6923729    
        38    -152.3498176    
        39    -152.3498189    
        40    -152.3498240    
        41    -152.3497809    
        42    -152.3497809    
        43    -153.2478295    
        44    -153.2478253    
        45    -153.3083348    
        46    -153.3083418    
        47    -153.3083225    
        48    -153.3083418    
        49    -151.2657767    
        50    -151.2657629    
        51    -151.2718110    
        52    -151.2718110    
        53    -151.2717979    
        54    -151.2718285    
        55    -151.2717588    
        56    -151.2718173    
        57    -151.2717855    
        58    -151.2718227    
        59    -151.2718285    
        60    -151.9972126    
        61    -151.9972143    
        62    -151.9971579    
        63    -151.9972143    
        64    -152.1190822    
        65    -152.1191018    
        66    -151.9949210    
        67    -151.9949195    
        68    -151.9949355    
        69    -151.9949221    
        70    -151.9949440    
        71    -152.1191422    
        72    -152.1191387    
        73    -152.1191434    
        74    -153.4255761    
        75    -153.4255365    
        76    -153.4255745    
        77    -153.4255678    
        78    -153.4255678    
        79    -153.4255678    
        80    -153.4255681    
        81    -153.4255357    
        82    -153.4255664    
        83    -153.4255761    
        84    -153.4255713    
        85    -153.4255713    
        86    -153.4255713    
        87    -153.4255761    
        88    -153.4255427    
        89    -153.4255629    
        90    -153.4255331    
        91    -153.0758728    
        92    -151.9988498    
        93    -151.9988418    
        94    -152.0037524    
        95    -152.0037524    
        96    -151.3864979    
        97    -151.3864979    
        98    -151.3864817    
        99    -151.3864958    
       100    -153.0919694    
