         1    -152.9587820    
         2    -152.9517812    
         3    -152.9517507    
         4    -152.9517644    
         5    -153.3017824    
         6    -153.3017707    
         7    -153.3017538    
         8    -152.6814627    
         9    -152.6814608    
        10    -152.6814555    
        11    -152.6814266    
        12    -152.6814455    
        13    -152.7360064    
        14    -152.7360062    
        15    -152.7359728    
        16    -152.7471926    
        17    -152.7471833    
        18    -152.6923213    
        19    -152.6923732    
        20    -152.6923620    
        21    -152.6923645    
        22    -152.6923539    
        23    -152.6923732    
        24    -152.6922496    
        25    -152.6922496    
        26    -152.6923664    
        27    -152.6923244    
        28    -152.6923732    
        29    -152.6923565    
        30    -152.6923507    
        31    -152.6923732    
        32    -152.6923640    
        33    -152.6923640    
        34    -152.3800511    
        35    -154.0383948    
        36    -154.0383931    
        37    -154.0383941    
        38    -154.0383947    
        39    -154.0383948    
        40    -154.0383928    
        41    -154.0383859    
        42    -154.0383904    
        43    -154.0383948    
        44    -154.0383888    
        45    -154.0383948    
        46    -154.0383917    
        47    -152.9821150    
        48    -152.9821139    
        49    -152.9821170    
        50    -152.9821056    
        51    -152.9821141    
        52    -152.9821144    
        53    -152.9821144    
        54    -152.9820902    
        55    -152.9820902    
        56    -152.9821118    
        57    -152.9821157    
        58    -152.9821186    
        59    -152.9821094    
        60    -152.9821023    
        61    -152.9821123    
        62    -152.9821140    
        63    -152.9820961    
        64    -152.9820961    
        65    -152.9821081    
        66    -152.6893645    
        67    -152.6893578    
        68    -153.3189191    
        69    -153.3189191    
        70    -153.3189151    
        71    -153.3188658    
        72    -153.3188947    
        73    -153.3189154    
        74    -153.3189023    
        75    -153.4314629    
        76    -153.4314525    
        77    -153.4314525    
        78    -153.4314451    
        79    -153.4314463    
        80    -153.4314609    
        81    -153.4314565    
        82    -153.4314633    
        83    -153.4314633    
        84    -153.4314317    
        85    -153.4314509    
        86    -153.3086587    
        87    -153.3086608    
        88    -153.3086716    
        89    -153.3086716    
        90    -153.4314581    
        91    -153.4314633    
        92    -153.4314633    
        93    -153.4314072    
        94    -153.4314454    
        95    -153.4314435    
        96    -153.4314435    
        97    -153.4314633    
        98    -153.4314187    
        99    -153.4314633    
       100    -153.4314633    
