         1    -152.9587820    
         2    -152.9587820    
         3    -152.9588522    
         4    -152.9588243    
         5    -152.9587347    
         6    -152.9587347    
         7    -152.9588306    
         8    -152.9588087    
         9    -152.9588522    
        10    -152.9588252    
        11    -152.9588138    
        12    -152.9588288    
        13    -152.9588383    
        14    -152.9588197    
        15    -152.3264469    
        16    -152.3264469    
        17    -152.3263856    
        18    -152.3264325    
        19    -152.4069647    
        20    -152.4069466    
        21    -152.4069628    
        22    -153.4813884    
        23    -153.4813884    
        24    -152.9588522    
        25    -152.9588522    
        26    -152.9588346    
        27    -152.9588406    
        28    -152.9588436    
        29    -152.4069491    
        30    -152.4069626    
        31    -152.4069593    
        32    -152.3800488    
        33    -152.3800481    
        34    -152.6923722    
        35    -152.6814627    
        36    -152.6923420    
        37    -152.6923420    
        38    -152.6923420    
        39    -152.6923732    
        40    -152.6923352    
        41    -152.6923712    
        42    -152.6923569    
        43    -152.6923569    
        44    -152.6923408    
        45    -152.6923519    
        46    -152.6923561    
        47    -152.6814586    
        48    -152.7359821    
        49    -152.7360106    
        50    -152.7360091    
        51    -152.7359595    
        52    -152.6814171    
        53    -152.6813776    
        54    -152.6813776    
        55    -152.6814627    
        56    -152.6814627    
        57    -152.6814181    
        58    -152.6814598    
        59    -152.6923359    
        60    -152.6923661    
        61    -152.6923661    
        62    -152.6923625    
        63    -152.6923732    
        64    -152.6923597    
        65    -152.6923597    
        66    -152.6923597    
        67    -152.6923702    
        68    -152.6923702    
        69    -152.3497992    
        70    -152.7443311    
        71    -152.7443311    
        72    -152.7443026    
        73    -152.7443026    
        74    -152.7443165    
        75    -152.7442864    
        76    -153.4419363    
        77    -153.3116103    
        78    -153.3116398    
        79    -153.3116254    
        80    -153.3116223    
        81    -152.3498241    
        82    -152.3498149    
        83    -152.3497387    
        84    -152.3497982    
        85    -152.3497982    
        86    -152.3498241    
        87    -152.4049478    
        88    -152.4049010    
        89    -152.4049335    
        90    -152.4049565    
        91    -152.4049274    
        92    -152.4048797    
        93    -152.4049577    
        94    -152.4049562    
        95    -152.4049274    
        96    -153.0919694    
        97    -153.0919324    
        98    -153.0919158    
        99    -153.0919647    
       100    -151.3864856    
