         1    -152.9587820    
         2    -152.9750955    
         3    -153.3189191    
         4    -153.3115735    
         5    -153.3115735    
         6    -153.3116236    
         7    -153.3116167    
         8    -153.3116399    
         9    -153.3116332    
        10    -153.3116332    
        11    -153.3115622    
        12    -153.3116251    
        13    -153.3116251    
        14    -153.3116251    
        15    -153.3116349    
        16    -153.3116374    
        17    -153.3116164    
        18    -152.9676261    
        19    -152.9676261    
        20    -152.9676207    
        21    -153.3116399    
        22    -153.3116314    
        23    -153.3017562    
        24    -153.3017578    
        25    -153.3017320    
        26    -153.3017503    
        27    -152.3600769    
        28    -152.3534238    
        29    -151.8901674    
        30    -151.8901363    
        31    -151.8901592    
        32    -151.8901072    
        33    -151.8901674    
        34    -151.8901674    
        35    -151.8901661    
        36    -151.8901648    
        37    -151.8900732    
        38    -151.8891081    
        39    -151.8890950    
        40    -151.8891142    
        41    -151.8891110    
        42    -151.8891118    
        43    -151.8891039    
        44    -151.8891143    
        45    -151.8889709    
        46    -151.8934355    
        47    -151.8935599    
        48    -151.8935444    
        49    -151.8890902    
        50    -151.8891086    
        51    -151.8890574    
        52    -151.8891028    
        53    -151.8890636    
        54    -151.8890636    
        55    -151.8891048    
        56    -151.8890929    
        57    -150.3797087    
        58    -150.3796913    
        59    -150.3796478    
        60    -150.3796795    
        61    -150.3796623    
        62    -150.3796970    
        63    -149.3497039    
        64    -149.3497388    
        65    -149.3497521    
        66    -149.3497419    
        67    -149.3497497    
        68    -149.3497544    
        69    -149.3497524    
        70    -150.7930235    
        71    -152.6913541    
        72    -152.6913532    
        73    -152.6913532    
        74    -152.6913532    
        75    -152.6913402    
        76    -153.4872163    
        77    -153.4901079    
        78    -153.4901079    
        79    -153.4901079    
        80    -153.4901092    
        81    -153.4870928    
        82    -153.4870974    
        83    -153.4870974    
        84    -153.4870968    
        85    -153.4870938    
        86    -153.4901050    
        87    -153.4901020    
        88    -153.4901006    
        89    -153.4872235    
        90    -153.4872236    
        91    -153.4872236    
        92    -153.4872212    
        93    -153.4872212    
        94    -153.4872162    
        95    -153.4872203    
        96    -153.4872002    
        97    -153.4872212    
        98    -153.4872212    
        99    -153.4872236    
       100    -153.4872230    
