         1    -152.9587820    
         2    -152.9588166    
         3    -152.9588435    
         4    -152.9588217    
         5    -152.9588324    
         6    -153.0819082    
         7    -153.0818797    
         8    -153.0819070    
         9    -153.0819208    
        10    -153.0819219    
        11    -153.0819223    
        12    -153.0818440    
        13    -153.0984170    
        14    -153.0984208    
        15    -153.0984111    
        16    -153.0984111    
        17    -153.0984103    
        18    -153.0984186    
        19    -153.0819026    
        20    -153.0817833    
        21    -153.0818966    
        22    -153.0819245    
        23    -153.0819162    
        24    -152.9588403    
        25    -152.9588374    
        26    -152.9588364    
        27    -152.9588430    
        28    -152.9588406    
        29    -152.9588432    
        30    -152.9588448    
        31    -152.9588392    
        32    -152.9588252    
        33    -152.9588218    
        34    -152.9588056    
        35    -152.9588299    
        36    -152.9588299    
        37    -152.4339936    
        38    -152.4339933    
        39    -152.3814367    
        40    -152.3814367    
        41    -152.3814367    
        42    -152.3814312    
        43    -153.0819265    
        44    -153.0819265    
        45    -152.4339939    
        46    -152.4339817    
        47    -152.4339931    
        48    -153.3086723    
        49    -153.3086797    
        50    -153.3086831    
        51    -153.3086831    
        52    -153.3086854    
        53    -153.3086767    
        54    -153.3086146    
        55    -153.3085889    
        56    -153.3085889    
        57    -153.3085889    
        58    -153.3086701    
        59    -153.3086626    
        60    -153.4314546    
        61    -153.4314546    
        62    -153.4314593    
        63    -153.4314540    
        64    -153.4314490    
        65    -153.4314550    
        66    -153.4314616    
        67    -153.4314604    
        68    -153.4314633    
        69    -153.1212032    
        70    -153.1212140    
        71    -152.0505751    
        72    -152.0434699    
        73    -152.0434622    
        74    -153.1153535    
        75    -153.1153535    
        76    -153.1153664    
        77    -153.1153585    
        78    -153.1153682    
        79    -153.1153117    
        80    -153.1153117    
        81    -153.1153167    
        82    -153.1153172    
        83    -153.1153539    
        84    -153.1153608    
        85    -153.1153656    
        86    -153.1153646    
        87    -153.1153453    
        88    -153.1153644    
        89    -153.1153644    
        90    -153.1153642    
        91    -153.1153642    
        92    -153.1153480    
        93    -153.1153622    
        94    -153.1153611    
        95    -153.1153611    
        96    -153.1153611    
        97    -153.1153709    
        98    -153.1153709    
        99    -153.1153709    
       100    -153.1153434    
