324.0435975
324.0690051
324.0995454
324.1338289
324.1703345
324.2076104
324.2443936
324.2796691
324.3126853
324.3429456
324.3701872
324.3943543
324.4155727
324.4341244
324.4504247
324.4650008
324.4784709
324.4915243
324.5049018
324.5193757
324.5357311
324.5547472
324.5771800
324.6037460
324.6351074
324.6718594
324.7145187
324.7635148
324.8191823
324.8817557
324.9513662
325.0280403
325.1116994
325.2021626
325.2991499
325.4022875
325.5111142
325.6250896
325.7436030
325.8659831
325.9915091
326.1194216
326.2489346
326.3792473
326.5095553
326.6390624
326.7669910
326.8925924
327.0151557
327.1340160
327.2485610
327.3582369
327.4625524
327.5610821
327.6534677
327.7394189
327.8187128
327.8911918
327.9567617
328.0153876
328.0670909
328.1119437
328.1500651
328.1816153
328.2067911
328.2258202
328.2389566
328.2464756
328.2486691
328.2458411
328.2383043
328.2263757
328.2103739
328.1906160
328.1674149
328.1410774
328.1119023
328.0801789
328.0461855
328.0101892
327.9724442
327.9331924
327.8926624
327.8510696
327.8086165
327.7654925
327.7218745
327.6779269
327.6338026
327.5896429
327.5455783
327.5017291
327.4582058
327.4151096
327.3725333
327.3305617
327.2892719
327.2487343
327.2090125
327.1701645
327.1322426
327.0952942
327.0593621
327.0244848
326.9906970
326.9580298
326.9265113
326.8961666
326.8670184
326.8390869
326.8123903
326.7869448
326.7627652
326.7398646
326.7182550
326.6979471
326.6789506
326.6612746
326.6449272
326.6299161
326.6162484
326.6039309
326.5929699
326.5833718
326.5751427
326.5682886
326.5628158
326.5587304
326.5560390
326.5547481
326.5548650
326.5563970
326.5593520
326.5637386
326.5695658
326.5768434
326.5855819
326.5957927
326.6074880
326.6206811
326.6353862
326.6516189
326.6693957
326.6887347
326.7096552
326.7321781
326.7563257
326.7821220
326.8095930
326.8387663
326.8696715
326.9023403
326.9368064
326.9731060
327.0112774
327.0513614
327.0934016
327.1374440
327.1835375
327.2317337
327.2820876
327.3346568
327.3895024
327.4466887
327.5062835
327.5683580
327.6329870
327.7002491
327.7702266
327.8430058
327.9186768
327.9973339
328.0790755
328.1640042
328.2522267
328.3438543
328.4390025
328.5377912
328.6403447
328.7467918
328.8572659
328.9719045
329.0908499
329.2142485
329.3422511
329.4750128
329.6126930
329.7554547
329.9034652
330.0568955
330.2159199
330.3807162
330.5514652
330.7283506
330.9115583
331.1012765
331.2976950
331.5010050
331.7113982
331.9290668
332.1542026
332.3869962
332.6276370
332.8763114
333.1332033
333.3984921
333.6723525
333.9549532
334.2464561
334.5470151
334.8567749
335.1758700
335.5044233
335.8425448
336.1903305
336.5478605
336.9151980
337.2923876
337.6794540
338.0764002
338.4832061
338.8998268
339.3261913
339.7622008
340.2077271
340.6626111
341.1266616
341.5996536
342.0813275
342.5713872
343.0694996
343.5752934
344.0883583
344.6082445
345.1344619
345.6664802
346.2037287
346.7455963
347.2914322
347.8405465
348.3922108
348.9456601
349.5000936
350.0546768
350.6085438
351.1607991
351.7105210
352.2567639
352.7985619
353.3349319
353.8648779
354.3873943
354.9014705
355.4060950
355.9002598
356.3829650
356.8532235
357.3100655
357.7525434
358.1797360
358.5907536
358.9847419
359.3608866
359.7184172
360.0566111
360.3747969
360.6723578
360.9487344
361.2034275
361.4359999
361.6460787
361.8333562
361.9975912
362.1386093
362.2563032
362.3506325
362.4216227
362.4693644
362.4940115
362.4957798
362.4749445
362.4318382
362.3668473
362.2804101
362.1730128
362.0451864
361.8975033
361.7305736
361.5450412
361.3415803
361.1208914
360.8836980
360.6307419
360.3627808
360.0805838
359.7849281
359.4765962
359.1563720
358.8250382
358.4833734
358.1321494
357.7721287
357.4040622
357.0286870
356.6467249
356.2588802
355.8658386
355.4682655
355.0668053
354.6620799
354.2546886
353.8452068
353.4341859
353.0221529
352.6096101
352.1970353
351.7848814
351.3735770
350.9635264
350.5551099
350.1486844
349.7445836
349.3431189
348.9445795
348.5492337
348.1573287
347.7690922
347.3847324
347.0044392
346.6283847
346.2567240
345.8895961
345.5271245
345.1694179
344.8165712
344.4686661
344.1257717
343.7879454
343.4552335
343.1276718
342.8052864
342.4880943
342.1761039
341.8693156
341.5677225
341.2713108
340.9800604
340.6939453
340.4129343
340.1369911
339.8660749
339.6001408
339.3391404
339.0830217
338.8317297
338.5852069
338.3433932
338.1062264
337.8736426
337.6455762
337.4219602
337.2027266
336.9878063
336.7771294
336.5706256
336.3682240
336.1698536
335.9754431
335.7849213
335.5982170
335.4152593
335.2359775
335.0603015
334.8881614
334.7194882
334.5542133
334.3922686
334.2335872
334.0781026
333.9257494
333.7764627
333.6301788
333.4868349
333.3463691
333.2087203
333.0738287
332.9416352
332.8120819
332.6851120
332.5606693
332.4386992
332.3191476
332.2019619
332.0870901
331.9744815
331.8640864
331.7558559
331.6497424
331.5456989
331.4436799
331.3436404
331.2455366
331.1493256
331.0549654
330.9624150
330.8716342
330.7825838
330.6952253
330.6095213
330.5254351
330.4429309
330.3619737
330.2825292
330.2045641
330.1280456
330.0529419
329.9792218
329.9068549
329.8358115
329.7660625
329.6975796
329.6303352
329.5643022
329.4994541
329.4357653
329.3732106
329.3117654
329.2514057
329.1921081
329.1338498
329.0766084
329.0203622
328.9650898
328.9107705
328.8573840
328.8049105
328.7533306
328.7026256
328.6527769
328.6037666
328.5555771
328.5081912
328.4615923
328.4157638
328.3706899
328.3263550
328.2827438
328.2398415
328.1976334
328.1561055
328.1152439
328.0750350
328.0354656
327.9965228
327.9581940
327.9204668
327.8833293
327.8467696
327.8107762
327.7753380
327.7404440
327.7060833
327.6722456
327.6389206
327.6060984
327.5737690
327.5419230
327.5105511
327.4796440
327.4491929
327.4191890
327.3896238
327.3604890
327.3317763
327.3034779
327.2755859
327.2480927
327.2209908
327.1942729
327.1679319
327.1419609
327.1163529
327.0911013
327.0661996
327.0416414
327.0174204
326.9935305
326.9699657
326.9467201
326.9237881
326.9011639
326.8788421
326.8568174
326.8350844
326.8136380
326.7924732
326.7715849
326.7509685
326.7306191
326.7105321
326.6907029
326.6711272
326.6518005
326.6327185
326.6138772
326.5952724
326.5769001
326.5587564
326.5408374
326.5231393
326.5056585
326.4883913
326.4713342
326.4544837
326.4378364
326.4213889
326.4051381
326.3890805
326.3732133
326.3575331
326.3420370
326.3267221
326.3115854
326.2966241
326.2818354
326.2672166
326.2527649
326.2384777
326.2243524
326.2103865
326.1965775
326.1829230
326.1694205
326.1560678
326.1428624
326.1298022
326.1168849
326.1041084
326.0914704
326.0789690
326.0666020
326.0543674
326.0422632
326.0302876
326.0184384
326.0067140
325.9951125
325.9836319
325.9722707
325.9610269
325.9498989
325.9388851
325.9279837
325.9171931
325.9065118
325.8959382
325.8854707
325.8751078
325.8648481
325.8546900
325.8446322
325.8346732
325.8248117
325.8150462
325.8053755
325.7957983
325.7863132
325.7769189
325.7676143
325.7583981
325.7492691
325.7402262
325.7312680
325.7223936
325.7136018
325.7048914
325.6962614
325.6877107
325.6792383
325.6708431
325.6625241
325.6542804
325.6461108
325.6380145
325.6299905
325.6220379
325.6141557
325.6063430
325.5985990
325.5909227
325.5833133
325.5757700
325.5682919
325.5608782
325.5535280
325.5462407
325.5390153
325.5318512
325.5247475
325.5177036
325.5107186
325.5037919
325.4969227
325.4901104
325.4833542
325.4766535
325.4700076
325.4634158
325.4568775
325.4503921
325.4439588
325.4375772
325.4312466
325.4249663
325.4187358
325.4125546
325.4064219
325.4003373
325.3943003
325.3883101
325.3823664
325.3764686
325.3706161
325.3648085
325.3590451
325.3533256
325.3476494
325.3420161
325.3364251
325.3308760
325.3253683
325.3199015
325.3144753
325.3090890
325.3037424
325.2984350
325.2931663
325.2879359
325.2827434
325.2775884
325.2724705
325.2673893
325.2623444
325.2573354
325.2523619
325.2474235
325.2425199
325.2376507
325.2328155
325.2280140
325.2232459
325.2185107
325.2138082
325.2091379
325.2044996
325.1998930
325.1953177
325.1907733
325.1862596
325.1817763
325.1773231
325.1728996
325.1685055
325.1641406
325.1598045
325.1554971
325.1512179
325.1469667
325.1427432
325.1385473
325.1343784
325.1302366
325.1261213
325.1220325
325.1179698
325.1139330
325.1099219
325.1059361
325.1019755
325.0980398
325.0941288
325.0902422
325.0863798
325.0825414
325.0787268
325.0749357
325.0711679
325.0674231
325.0637013
325.0600021
325.0563254
325.0526710
325.0490385
325.0454280
325.0418390
325.0382716
325.0347253
325.0312002
325.0276959
325.0242123
325.0207492
325.0173064
325.0138837
325.0104810
325.0070981
325.0037348
325.0003909
324.9970663
324.9937607
324.9904741
324.9872063
324.9839571
324.9807263
324.9775138
324.9743194
324.9711429
324.9679843
324.9648434
324.9617199
324.9586139
324.9555250
324.9524533
324.9493984
324.9463604
324.9433389
324.9403341
324.9373455
324.9343732
324.9314171
324.9284769
324.9255525
324.9226438
324.9197508
324.9168732
324.9140109
324.9111638
324.9083318
324.9055148
324.9027126
324.8999252
324.8971523
324.8943940
324.8916500
324.8889203
324.8862047
324.8835032
324.8808156
324.8781419
324.8754818
324.8728354
324.8702025
324.8675829
324.8649767
324.8623836
324.8598037
324.8572367
324.8546827
324.8521414
324.8496128
324.8470968
324.8445934
324.8421023
324.8396236
324.8371571
324.8347028
324.8322605
324.8298301
324.8274116
324.8250049
324.8226099
324.8202265
324.8178547
324.8154943
324.8131452
324.8108074
324.8084808
324.8061654
324.8038609
324.8015674
324.7992848
324.7970130
324.7947519
324.7925015
324.7902616
324.7880322
324.7858133
324.7836047
324.7814064
324.7792183
324.7770403
324.7748724
324.7727144
324.7705664
324.7684283
324.7662999
324.7641813
324.7620723
324.7599729
324.7578831
324.7558027
324.7537316
324.7516700
324.7496176
324.7475744
324.7455403
324.7435153
324.7414994
324.7394924
324.7374943
324.7355050
324.7335246
324.7315529
324.7295898
324.7276353
324.7256895
324.7237521
324.7218231
324.7199026
324.7179904
324.7160865
324.7141908
324.7123032
324.7104238
324.7085525
324.7066892
324.7048339
324.7029865
324.7011469
324.6993152
324.6974912
324.6956750
324.6938665
324.6920655
324.6902722
324.6884863
324.6867080
324.6849371
324.6831736
324.6814174
324.6796685
324.6779269
324.6761925
324.6744653
324.6727451
324.6710321
324.6693261
324.6676271
324.6659350
324.6642499
324.6625716
324.6609001
324.6592355
324.6575775
324.6559263
324.6542818
324.6526438
324.6510125
324.6493877
324.6477694
324.6461576
324.6445522
324.6429532
324.6413606
324.6397742
324.6381942
324.6366204
324.6350528
324.6334914
324.6319362
324.6303870
324.6288439
324.6273069
324.6257758
324.6242507
324.6227315
324.6212183
324.6197109
324.6182093
324.6167135
324.6152235
324.6137392
324.6122606
324.6107877
324.6093205
324.6078588
324.6064027
324.6049521
324.6035071
324.6020675
324.6006334
