         6         5         7         8
 T
        27        26        28        29
 T
        48        47        49        50
 T
        55        54        56        57
 T
        62        61        63        64
 T
        83        82        84        85
 T
       104       103       105       106
 T
       116       115       117       118
 T
       137       136       138       139
 T
       158       157       159       160
 T
       165       164       166       167
 T
       172       171       173       174
 T
       193       192       194       195
 T
       214       213       215       216
 T
