         220
Energy of minimum      1=    -322.9116971     first found at step       14 after                45346 function calls
HH31       -6.2371478257      -16.3723066359       -2.7613160931
CH3        -7.1332978472      -15.8478874293       -3.0895972812
HH32       -7.0856902914      -15.6854864441       -4.1653366829
HH33       -8.0132152573      -16.4425755346       -2.8486369866
C          -7.2164675243      -14.5135234707       -2.3862704580
O          -8.1848346271      -14.2505519440       -1.6749999285
N          -6.2029582176      -13.6732708527       -2.5856556273
H          -5.4584458899      -13.9725516125       -3.1996375620
CA         -6.0918232353      -12.3270721099       -2.0086945288
HA         -7.0929385649      -11.9330369694       -1.8254481466
CB         -5.3513867850      -12.4118141319       -0.6610126151
HB2        -5.9268594555      -13.0426759346        0.0182828011
HB3        -4.3868766588      -12.8979437496       -0.8181891644
CG         -5.1201229106      -11.0679897852        0.0093972176
CD1        -3.8623707087      -10.4373849991       -0.0851815073
HD1        -3.0478085353      -10.9245782458       -0.6075225507
CE1        -3.6644768457       -9.1651427230        0.4862714552
HE1        -2.7035697616       -8.6750515500        0.4131235912
CZ         -4.7243473081       -8.5196860695        1.1580375946
OH         -4.5289266119       -7.2915387299        1.7071100696
HH         -5.3278051402       -6.9691178728        2.1432415062
CE2        -5.9815971085       -9.1550208041        1.2600634674
HE2        -6.7946610109       -8.6626876832        1.7758669250
CD2        -6.1776021894      -10.4262247684        0.6840198645
HD2        -7.1455715781      -10.9078157198        0.7563530326
C          -5.3752648398      -11.3559248030       -2.9648395406
O          -4.4975737687      -11.7604497743       -3.7338867990
N          -5.7222645462      -10.0678163234       -2.8869851824
H          -6.4399850086       -9.8115626194       -2.2229204540
CA         -5.0145211440       -8.9602626096       -3.5377370916
HA         -3.9645269715       -9.2330063327       -3.6572107325
CB         -5.6095800195       -8.7082274063       -4.9323546044
HB2        -5.5511928497       -9.6300788582       -5.5131887939
HB3        -6.6658639279       -8.4541513577       -4.8283608873
CG         -4.9053639977       -7.6103642747       -5.7092977330
CD1        -5.4725599942       -6.3225571754       -5.7911356435
HD1        -6.4233193006       -6.1156901553       -5.3146017278
CE1        -4.8009055631       -5.2981155882       -6.4869041393
HE1        -5.2300499107       -4.3076628117       -6.5515659344
CZ         -3.5586062861       -5.5588356700       -7.1038116517
OH         -2.9134414348       -4.5667769208       -7.7729577513
HH         -2.0786031060       -4.8778578447       -8.1462562162
CE2        -2.9915584706       -6.8496306664       -7.0228867039
HE2        -2.0398176065       -7.0518855838       -7.4951191853
CD2        -3.6655135595       -7.8719339273       -6.3256323462
HD2        -3.2275995826       -8.8611289146       -6.2627478151
C          -5.0786997579       -7.6917637976       -2.6679700722
O          -6.1055627758       -7.4135193630       -2.0408384915
N          -3.9934076664       -6.9144337444       -2.6385437633
H          -3.1901331607       -7.1840380703       -3.1901812547
CA         -3.8763242659       -5.6777474245       -1.8591938695
HA2        -4.6118257890       -4.9555508885       -2.2150573611
HA3        -4.0872391341       -5.8883578030       -0.8101903826
C          -2.4861422685       -5.0379706545       -1.9519229926
O          -1.5847129631       -5.5677754903       -2.6095565431
N          -2.3072396584       -3.8931939709       -1.2905493045
H          -3.0856397687       -3.5128465145       -0.7684869517
CA         -1.0509747673       -3.1353104754       -1.2565126020
HA2        -0.2607554434       -3.7639972605       -0.8443799448
HA3        -0.7671936865       -2.8558448990       -2.2717764739
C          -1.1420167039       -1.8593541984       -0.4116537450
O          -2.2097397772       -1.5261389130        0.1139201771
N          -0.0230270519       -1.1381330716       -0.2954122260
H           0.7977949908       -1.4521768999       -0.7933803019
CA          0.1125096602        0.0771226829        0.5201707099
HA         -0.8696450810        0.3447238461        0.9015131775
CB          1.0092267384       -0.1962807603        1.7373740239
HB2         1.9906851045       -0.5227639968        1.3906438488
HB3         1.1523749843        0.7376395229        2.2830077885
CG          0.4504545565       -1.2217756937        2.7067369320
CD1        -0.5108615110       -0.8337731502        3.6608446421
HD1        -0.8454519896        0.1941773012        3.7002119217
CE1        -1.0391263175       -1.7811614123        4.5601170279
HE1        -1.7752180986       -1.4841008607        5.2934583509
CZ         -0.6058440514       -3.1239756234        4.5035641043
OH         -1.1110235617       -4.0450278680        5.3665832082
HH         -1.7575836613       -3.6515912784        5.9664471153
CE2         0.3581187135       -3.5114109320        3.5483722988
HE2         0.6868997171       -4.5408523212        3.5109760589
CD2         0.8859565002       -2.5608624478        2.6527322181
HD2         1.6256762582       -2.8619160540        1.9211291735
C           0.6243647690        1.2840977495       -0.2839936573
O           1.3133058640        1.1313634616       -1.2961171170
N           0.2862258873        2.4876283625        0.1817895420
H          -0.2820803641        2.5181497778        1.0241898914
CA          0.6323730705        3.7804064353       -0.4141234710
HA          1.5345414322        3.6637651183       -1.0135330284
CB         -0.5077172074        4.2188629715       -1.3478365377
HB2        -0.6853497505        3.4301409516       -2.0805106240
HB3        -1.4202569200        4.3331958218       -0.7607220858
CG         -0.2310441885        5.5054721038       -2.1033340425
CD1        -0.9409608423        6.6822396731       -1.7908772415
HD1        -1.7076082800        6.6679114019       -1.0254998647
CE1        -0.6503096407        7.8841190027       -2.4664041077
HE1        -1.1942146614        8.7869702209       -2.2242605147
CZ          0.3543797460        7.9109674128       -3.4582515953
OH          0.6424784071        9.0672785360       -4.1122982583
HH          0.0865746941        9.7948970404       -3.8048623453
CE2         1.0626739265        6.7315045667       -3.7706403423
HE2         1.8316220412        6.7576013707       -4.5299652146
CD2         0.7693977967        5.5321430062       -3.0938896816
HD2         1.3177227682        4.6308254727       -3.3336531636
C           0.9214262180        4.8422274799        0.6670017741
O           0.4677845262        4.7235013017        1.8099113396
N           1.6765883847        5.8852246852        0.3001152898
H           1.9749071132        5.9250313225       -0.6654764297
CH3         2.0757838499        6.9812156890        1.1810263086
HH31        2.7299097100        7.6719448544        0.6461653491
HH32        1.1933739876        7.5241681938        1.5248125816
HH33        2.6090420933        6.5877566217        2.0488395054
HH31       -3.2580094227        1.8280595328       -2.6501121200
CH3        -3.1219159142        1.1455854750       -1.8124277779
HH32       -2.0670620106        0.9014687877       -1.7086188377
HH33       -3.6900077639        0.2336131625       -1.9900221756
C          -3.6127608630        1.8010116354       -0.5428467051
O          -3.9908891010        2.9706505364       -0.5610839500
N          -3.6079161998        1.0526198002        0.5580629853
H          -3.2541782930        0.1049446782        0.4847942914
CA         -3.9780848833        1.5481762629        1.8916126708
HA         -4.8492169193        2.1969987127        1.7870260183
CB         -4.3819076720        0.3576661205        2.7748726637
HB2        -5.0891052279       -0.2644114228        2.2234298411
HB3        -3.5002307243       -0.2531856973        2.9760196328
CG         -5.0333331671        0.7542363068        4.0873076937
CD1        -4.2765032569        0.7917812529        5.2750312224
HD1        -3.2257417258        0.5347861511        5.2568017644
CE1        -4.8776518146        1.1831167224        6.4873619498
HE1        -4.2917565347        1.2170466131        7.3956187338
CZ         -6.2439695906        1.5375940331        6.5146915615
OH         -6.8312938922        1.9177009776        7.6803095428
HH         -6.2034335547        1.8996207367        8.4140957218
CE2        -7.0019282019        1.4997381217        5.3247480401
HE2        -8.0479177229        1.7729982017        5.3508863179
CD2        -6.3965483528        1.1094723778        4.1138746790
HD2        -6.9818786634        1.0833538789        3.2023493382
C          -2.8456817296        2.3805578545        2.5246998970
O          -1.6757637957        2.1910722220        2.1909835552
N          -3.1577702439        3.2908072861        3.4522233900
H          -4.1213701870        3.3874549399        3.7357957189
CA         -2.1476969295        4.1415588610        4.0975578943
HA         -1.6102323502        4.6778998337        3.3151376105
CB         -2.8389103155        5.1912315788        4.9788625612
HB2        -3.5532099339        5.7473845353        4.3694864527
HB3        -3.4020681971        4.6860958388        5.7655087927
CG         -1.8748021041        6.1807113424        5.6080014288
CD1        -1.4537374781        6.0111556704        6.9423471049
HD1        -1.8275387688        5.1788955065        7.5268781635
CE1        -0.5410168170        6.9176293433        7.5175456780
HE1        -0.2180193651        6.7854637513        8.5411843613
CZ         -0.0453437072        7.9983114122        6.7555198269
OH          0.8365779523        8.8762555784        7.3030232633
HH          1.0402021533        8.6470459408        8.2190331495
CE2        -0.4672235811        8.1667898517        5.4192787019
HE2        -0.0831875533        8.9951087773        4.8399124040
CD2        -1.3798423845        7.2586108950        4.8473992958
HD2        -1.6978194100        7.3882146712        3.8199275841
C          -1.1206771922        3.3128586201        4.8965713440
O          -1.4801673189        2.5943354717        5.8344954387
N           0.1613984116        3.4069040464        4.5313810251
H           0.3923446921        3.9885875850        3.7307958704
CA          1.2485918685        2.6432935841        5.1553336707
HA2         1.3059834698        2.8894860524        6.2159351119
HA3         1.0276612204        1.5787076207        5.0688171705
C           2.6223871501        2.9060673275        4.5293588375
O           2.8424787139        3.9396017044        3.8928680396
N           3.5576224871        1.9681683124        4.7097636918
H           3.3143693961        1.1468988039        5.2451237947
CA          4.9086637685        2.0378458409        4.1372780846
HA2         5.3895515000        2.9602247780        4.4657789846
HA3         5.5052021929        1.2013041625        4.5014584726
C           4.9019193086        1.9911307072        2.6038809924
O           4.2332828648        1.1445400130        2.0048078812
N           5.6310802602        2.9101353783        1.9664230925
H           6.1704966180        3.5597117492        2.5221166385
CA          5.6580524683        3.1013025156        0.5108802563
HA          5.5819732866        2.1301949561        0.0185592685
CB          4.4410341072        3.9541974990        0.1129705737
HB2         3.5351206667        3.4247801632        0.4091540320
HB3         4.4709526052        4.8890952093        0.6750920022
CG          4.3390248457        4.2722921193       -1.3669818876
CD1         4.6139041274        5.5744271141       -1.8306362520
HD1         4.8802485171        6.3579377774       -1.1317575274
CE1         4.5598857238        5.8579781163       -3.2089580884
HE1         4.7735644587        6.8534176133       -3.5721771122
CZ          4.2310952949        4.8392400966       -4.1283281254
OH          4.1784468128        5.1183470023       -5.4576350527
HH          3.9493120119        4.3362758609       -5.9751382532
CE2         3.9449709700        3.5375133286       -3.6616371637
HE2         3.6879197556        2.7563010529       -4.3637315013
CD2         3.9983286745        3.2571001882       -2.2822077376
HD2         3.7795449368        2.2570939193       -1.9276550182
C           6.9666775494        3.7680118241        0.0472242162
O           7.5919344651        4.5182395285        0.8032922375
N           7.3662343548        3.5168892157       -1.2032030497
H           6.7895906878        2.9137478173       -1.7738952932
CA          8.4936761396        4.1696972372       -1.8788395451
HA          8.6081047131        5.1791284473       -1.4801073059
CB          9.7865949472        3.3868510688       -1.5955519004
HB2         9.9174258962        3.3007298832       -0.5157023797
HB3         9.6837405260        2.3752812865       -1.9921187786
CG         11.0373563186        4.0261102748       -2.1716756143
CD1        11.6254158018        3.5081116448       -3.3434283414
HD1        11.1920705295        2.6436052701       -3.8320442611
CE1        12.7753557707        4.1150767262       -3.8864119891
HE1        13.2246798845        3.7171995251       -4.7861171989
CZ         13.3409535954        5.2450955381       -3.2561217583
OH         14.4499350224        5.8365493054       -3.7744261418
HH         14.7497112200        5.3849149033       -4.5740150319
CE2        12.7515923889        5.7624511005       -2.0826188807
HE2        13.1894516850        6.6275605080       -1.6037019023
CD2        11.6019132896        5.1532767923       -1.5422551752
HD2        11.1526291755        5.5526404422       -0.6407005812
C           8.2335208436        4.2845215838       -3.3926650492
O           7.6329517058        3.3876301027       -3.9934843848
N           8.6968934721        5.3762701649       -4.0139819693
H           9.2029394918        6.0522994000       -3.4584998209
CH3         8.5339741981        5.6550540949       -5.4407538233
HH31        7.4730602885        5.6803634998       -5.6984268024
HH32        8.9803177912        6.6201405420       -5.6873054251
HH33        9.0230968257        4.8785846002       -6.0322207557
         220
Energy of minimum      2=    -322.8988598     first found at step        6 after                23369 function calls
HH31       -7.9478264179      -15.4904226368       -3.2701664242
CH3        -8.8087914169      -14.8689159032       -3.5116984221
HH32       -8.8116103487      -14.6508552824       -4.5786087532
HH33       -9.7246062941      -15.3937891347       -3.2438152507
C          -8.7227098670      -13.5745023973       -2.7376206403
O          -9.6168569431      -13.2652438564       -1.9517098375
N          -7.6484443576      -12.8199841768       -2.9604107667
H          -6.9742433729      -13.1504899608       -3.6364740542
CA         -7.3758523590      -11.5243257680       -2.3244479860
HA         -8.3222936374      -11.0518853679       -2.0558901344
CB         -6.5660411415      -11.7522641475       -1.0345186204
HB2        -7.1559942164      -12.3657559477       -0.3517439668
HB3        -5.6630174944      -12.3143070749       -1.2793911729
CG         -6.1687429084      -10.4752212197       -0.3133201544
CD1        -4.8652492602       -9.9571250255       -0.4583447324
HD1        -4.1335866230      -10.4858026394       -1.0574100960
CE1        -4.5138223528       -8.7427321267        0.1630041764
HE1        -3.5172248869       -8.3386277575        0.0517861558
CZ         -5.4651890785       -8.0429649138        0.9352945927
OH         -5.1217328390       -6.8709539258        1.5323182353
HH         -5.8585199728       -6.5027594435        2.0362455520
CE2        -6.7681995944       -8.5661861445        1.0873953911
HE2        -7.4982713554       -8.0321957752        1.6801585315
CD2        -7.1179303677       -9.7794559556        0.4614013916
HD2        -8.1207771747      -10.1744558077        0.5727571764
C          -6.6303745152      -10.5697984003       -3.2751932977
O          -5.8431689489      -11.0082700000       -4.1198595660
N          -6.8489247452       -9.2619579693       -3.1094226347
H          -7.4976919559       -8.9795345051       -2.3875501696
CA         -6.0807614668       -8.1883037767       -3.7483590188
HA         -5.0705756801       -8.5483338492       -3.9509742037
CB         -6.7336984859       -7.8041765322       -5.0857382744
HB2        -6.7992798301       -8.6931960517       -5.7149711273
HB3        -7.7525908259       -7.4605159108       -4.8990246278
CG         -5.9773694915       -6.7334797961       -5.8515240780
CD1        -6.4216979452       -5.3958499780       -5.8279760706
HD1        -7.3158200812       -5.1303150994       -5.2766048975
CE1        -5.7016840400       -4.3984455185       -6.5151192245
HE1        -6.0429679959       -3.3724004233       -6.4949415640
CZ         -4.5321173887       -4.7386232597       -7.2295903252
OH         -3.8316833817       -3.7817087150       -7.8943459088
HH         -4.2423027202       -2.9127111537       -7.7980074811
CE2        -4.0889966935       -6.0784504096       -7.2534161461
HE2        -3.1927549859       -6.3331292325       -7.8023392758
CD2        -4.8107414618       -7.0732413230       -6.5647380408
HD2        -4.4664016048       -8.1004530412       -6.5835005445
C          -5.9714813851       -6.9709613179       -2.8125583706
O          -6.9286396175       -6.6341795388       -2.1085783698
N          -4.8160844957       -6.3016264647       -2.8114490357
H          -4.0757347528       -6.6133809091       -3.4253997988
CA         -4.5344307145       -5.1291439508       -1.9768830339
HA2        -5.2100971398       -4.3187991532       -2.2524955620
HA3        -4.7116963633       -5.3777634716       -0.9299786695
C          -3.0930849255       -4.6251285470       -2.1146797139
O          -2.2871829314       -5.1974956324       -2.8553846038
N          -2.7627352597       -3.5491104809       -1.3984458981
H          -3.4689662488       -3.1285294040       -0.8089818577
CA         -1.4352991568       -2.9232899139       -1.3943396269
HA2        -0.6927019116       -3.6532487360       -1.0698977572
HA3        -1.1795941003       -2.6061080097       -2.4059714894
C          -1.3490285825       -1.7039071949       -0.4692421261
O          -2.3471641394       -1.3017985921        0.1384813516
N          -0.1569332978       -1.1072075255       -0.3761484701
H           0.5994032918       -1.4674966590       -0.9404993961
CA          0.1466741198        0.0310396273        0.5028342065
HA         -0.7808270325        0.3688635630        0.9581135088
CB          1.0741596867       -0.4113506504        1.6449823752
HB2         1.9967554895       -0.8098588709        1.2206219991
HB3         1.3418578608        0.4649332376        2.2373327240
CG          0.4651861284       -1.4389204005        2.5813516147
CD1        -0.3984330451       -1.0221159105        3.6135492327
HD1        -0.6224886081        0.0290645151        3.7360254616
CE1        -0.9727653697       -1.9704702747        4.4830698696
HE1        -1.6338904449       -1.6515407536        5.2762042473
CZ         -0.6841142833       -3.3429075106        4.3182088339
OH         -1.2347119103       -4.2649705076        5.1518673680
HH         -1.8041112150       -3.8503070763        5.8125525407
CE2         0.1821258446       -3.7593408878        3.2848006773
HE2         0.4003705725       -4.8115550278        3.1645535269
CD2         0.7565605119       -2.8080503509        2.4191228274
HD2         1.4209885496       -3.1314234480        1.6272728118
C           0.7366331832        1.2323237440       -0.2550154625
O           1.3508981373        1.0800908418       -1.3141963368
N           0.5500465355        2.4295167077        0.3032791405
H           0.0338734680        2.4598184672        1.1786018631
CA          0.9955103059        3.7184860062       -0.2318146712
HA          1.8474461800        3.5530878508       -0.8903393248
CB         -0.1414879523        4.3301069144       -1.0666937912
HB2        -0.4385826559        3.6140365428       -1.8344336186
HB3        -1.0046168787        4.4950813632       -0.4199356131
CG          0.2258105620        5.6305914826       -1.7569970344
CD1        -0.3409860794        6.8485723188       -1.3307842849
HD1        -1.0629492879        6.8593085318       -0.5230653233
CE1         0.0357177756        8.0581732980       -1.9474596862
HE1        -0.3982543587        8.9924066605       -1.6180921969
CZ          0.9832831612        8.0513663309       -2.9943392015
OH          1.3538926719        9.2145396432       -3.5922601462
HH          0.8934016336        9.9716210051       -3.2078770209
CE2         1.5481931495        6.8308667711       -3.4205521472
HE2         2.2739861788        6.8311789140       -4.2216522097
CD2         1.1692103313        5.6239449891       -2.8023432969
HD2         1.6078675309        4.6906358786       -3.1295045245
C           1.4501098976        4.6711529983        0.8931796504
O           1.0483853151        4.5216910680        2.0518030271
N           2.2882881875        5.6559904280        0.5463783584
H           2.5370690318        5.7306689797       -0.4311064747
CH3         2.8451160440        6.6450508404        1.4673887905
HH31        3.5375743664        7.3015254063        0.9376658049
HH32        2.0431807866        7.2489049874        1.8962168934
HH33        3.3804973815        6.1429794927        2.2758228915
HH31       -3.1896230106        2.3184328191       -2.3457194653
CH3        -3.0801832598        1.5709743206       -1.5612861409
HH32       -2.0521558277        1.2165485011       -1.5361752761
HH33       -3.7481158659        0.7341645699       -1.7602190102
C          -3.4321365151        2.1851104835       -0.2266274070
O          -3.6879428565        3.3851461395       -0.1501757948
N          -3.4456962285        1.3675947379        0.8238957964
H          -3.1961137024        0.3964953500        0.6713770257
CA         -3.6908140264        1.8067102868        2.2052180991
HA         -4.4946356794        2.5446177490        2.1932505653
CB         -4.1675490319        0.6056243046        3.0362723841
HB2        -4.9636788246        0.0955615472        2.4911016882
HB3        -3.3441569291       -0.1021208118        3.1461663746
CG         -4.7033897223        0.9759072294        4.4073571977
CD1        -3.8842490063        0.8579882128        5.5475287055
HD1        -2.8681091754        0.4995018750        5.4504486898
CE1        -4.3760513064        1.2247970157        6.8155390379
HE1        -3.7420162169        1.1390933480        7.6873243230
CZ         -5.6950615092        1.7108540653        6.9466334142
OH         -6.1767935437        2.0682811371        8.1665826618
HH         -5.5157843437        1.9385001597        8.8588265859
CE2        -6.5154742806        1.8287272423        5.8042986235
HE2        -7.5247729321        2.2023550337        5.9099720175
CD2        -6.0192805704        1.4624613451        4.5375517741
HD2        -6.6521236154        1.5560842083        3.6629571657
C          -2.4462584225        2.4776975104        2.8191007748
O          -1.3217101753        2.1955034291        2.4046898573
N          -2.6125889259        3.3500595299        3.8178856393
H          -3.5444904417        3.5229106835        4.1642393029
CA         -1.4869773290        4.0506564132        4.4524296287
HA         -0.9396537259        4.5821943728        3.6735738819
CB         -2.0179330234        5.1023025194        5.4365096991
HB2        -2.7025702847        5.7665407411        4.9064826422
HB3        -2.5873258826        4.6040182578        6.2230373864
CG         -0.9245153818        5.9462883226        6.0662052782
CD1        -0.4523885719        5.6462935658        7.3598909107
HD1        -0.8783026481        4.8179817287        7.9135673893
CE1         0.5785322165        6.4166190740        7.9338315469
HE1         0.9404862281        6.1844047502        8.9261506382
CZ          1.1416422235        7.4913520826        7.2112632696
OH          2.1375444483        8.2382848134        7.7577080140
HH          2.3651540829        7.9288561861        8.6440047403
CE2         0.6684927659        7.7904862661        5.9156721828
HE2         1.1044420327        8.6135192056        5.3662849734
CD2        -0.3623251394        7.0182344361        5.3449273412
HD2        -0.7197621676        7.2476638555        4.3483304693
C          -0.5097355960        3.0719522310        5.1358560453
O          -0.8907891545        2.3313488338        6.0477302638
N           0.7538117165        3.0622152593        4.7007937769
H           1.0004112023        3.6705254630        3.9250522569
CA          1.7881847964        2.1539391586        5.2102189513
HA2         1.9273724903        2.3213478006        6.2785733565
HA3         1.4542116987        1.1248772853        5.0718996528
C           3.1462826607        2.3200909187        4.5201673442
O           3.4374980767        3.3669891388        3.9362561394
N           3.9880154143        1.2837522416        4.5861455287
H           3.6902936674        0.4566821760        5.0837226862
CA          5.3064330847        1.2568689358        3.9388747810
HA2         5.8968621639        2.1026275574        4.2938883225
HA3         5.8320671462        0.3425275838        4.2145126574
C           5.2128154636        1.3141675665        2.4086826225
O           4.4291750031        0.5805901744        1.8000355270
N           5.9978487784        2.1966672203        1.7861757741
H           6.6304700813        2.7504505663        2.3472722070
CA          5.9664739757        2.4815195129        0.3461229333
HA          5.7642345545        1.5580934829       -0.1994058444
CB          4.8245338756        3.4762247088        0.0751428084
HB2         3.8859363305        3.0210271565        0.3921857133
HB3         4.9809331921        4.3636242429        0.6907487832
CG          4.6768434282        3.9015469377       -1.3736969609
CD1         5.0595305748        5.1979978210       -1.7722631735
HD1         5.4424062564        5.9023763364       -1.0438972006
CE1         4.9613866190        5.5774178454       -3.1248527666
HE1         5.2569903884        6.5687469642       -3.4384950089
CZ          4.4803968329        4.6605383663       -4.0835772849
OH          4.3857814530        5.0321178961       -5.3876884607
HH          4.0497533807        4.3132720350       -5.9375009723
CE2         4.0867445331        3.3654095425       -3.6812847261
HE2         3.7131740437        2.6625994523       -4.4132736541
CD2         4.1846124755        2.9890970409       -2.3273590222
HD2         3.8830084783        1.9943222730       -2.0223260320
C           7.3102703186        3.0441408716       -0.1535235915
O           8.0492575248        3.6758500830        0.6082297507
N           7.6142387743        2.8390027319       -1.4387464861
H           6.9486514340        2.3360239740       -2.0097046854
CA          8.7653200692        3.4200834524       -2.1395500876
HA          9.0046293315        4.3840080093       -1.6872083468
CB          9.9837130468        2.4950105346       -1.9830300071
HB2        10.1625514617        2.3239435321       -0.9203157847
HB3         9.7557912611        1.5276624985       -2.4340369583
CG         11.2612039669        3.0436562647       -2.5929314960
CD1        11.7290295197        2.5494829790       -3.8274650156
HD1        11.1831426793        1.7672462922       -4.3412923482
CE1        12.9048198248        3.0738926366       -4.4002749956
HE1        13.2618249177        2.6945295992       -5.3480613867
CZ         13.6170805326        4.0970213939       -3.7369490897
OH         14.7519084368        4.6084573510       -4.2836626160
HH         14.9601845677        4.1839087939       -5.1260173461
CE2        13.1479894443        4.5905684806       -2.5006330443
HE2        13.6979034857        5.3736045511       -1.9967029844
CD2        11.9720897708        4.0641153696       -1.9305843883
HD2        11.6153773318        4.4448248122       -0.9808661786
C           8.4377774389        3.6616910550       -3.6251057744
O           7.7164038033        2.8715498396       -4.2426635904
N           8.9776169682        4.7410413040       -4.2049682122
H           9.5798512370        5.3243924769       -3.6404561670
CH3         8.7682689007        5.1298694372       -5.5995747384
HH31        7.7033941389        5.2780819496       -5.7910137122
HH32        9.2981491860        6.0600105508       -5.8128035154
HH33        9.1421464415        4.3499839362       -6.2658879953
         220
Energy of minimum      3=    -322.5671731     first found at step       13 after                43951 function calls
HH31       -8.5175400323      -15.4668405756       -3.5496760353
CH3        -9.2505016338      -14.7380895893       -3.8925419741
HH32       -9.0504018349      -14.4830297556       -4.9321377934
HH33      -10.2513942526      -15.1583947362       -3.8057791433
C          -9.1498293268      -13.4920940926       -3.0443296870
O         -10.1221735176      -13.1061016804       -2.3975407275
N          -7.9754017464      -12.8646356572       -3.0483231038
H          -7.2393188343      -13.2491774474       -3.6237804048
CA         -7.6686594902      -11.6346150767       -2.3062652844
HA         -8.5880576750      -11.0633665541       -2.1669174449
CB         -7.1147735730      -12.0052548612       -0.9189701047
HB2        -7.8670064228      -12.5867452174       -0.3835680656
HB3        -6.2401300528      -12.6453232185       -1.0477878376
CG         -6.7308728537      -10.8131821764       -0.0593135619
CD1        -7.7324669092      -10.0488542167        0.5712111851
HD1        -8.7744639685      -10.3261861813        0.4647964700
CE1        -7.3810836180       -8.9219382633        1.3405407843
HE1        -8.1450235700       -8.3319055238        1.8278979838
CZ         -6.0252944495       -8.5550364788        1.4807595710
OH         -5.6903204765       -7.4713063410        2.2301845677
HH         -4.7337969770       -7.3435753946        2.2599882893
CE2        -5.0215462728       -9.3214588560        0.8491604080
HE2        -3.9818520640       -9.0438581362        0.9563028796
CD2        -5.3761104452      -10.4480484429        0.0809087333
HD2        -4.6034598672      -11.0307919758       -0.4062623370
C          -6.6757107238      -10.7427831104       -3.0738075734
O          -5.8140874253      -11.2431478812       -3.8037143885
N          -6.7786278272       -9.4233748215       -2.8881348398
H          -7.4940195539       -9.0878976253       -2.2576187581
CA         -5.8424374683       -8.4192289170       -3.4058169882
HA         -4.8475857196       -8.8632005793       -3.4713796324
CB         -6.2756468904       -7.9881085809       -4.8172041760
HB2        -6.3283346523       -8.8711397982       -5.4559636564
HB3        -7.2792564052       -7.5622932214       -4.7662621535
CG         -5.3402845039       -6.9859104508       -5.4698861465
CD1        -5.6860808454       -5.6202926191       -5.5205008635
HD1        -6.6308325242       -5.2827614740       -5.1114873203
CE1        -4.7999895217       -4.6884028931       -6.0958738519
HE1        -5.0586068267       -3.6391836063       -6.1355582401
CZ         -3.5642351131       -5.1199576937       -6.6235757470
OH         -2.7117381591       -4.2168642135       -7.1765796218
HH         -1.9067429473       -4.6426877352       -7.4985993746
CE2        -3.2194308648       -6.4885326704       -6.5750071159
HE2        -2.2732841693       -6.8216529592       -6.9794134597
CD2        -4.1074594001       -7.4180204527       -5.9980132511
HD2        -3.8398153865       -8.4673579872       -5.9594081237
C          -5.7584003608       -7.2070016152       -2.4600448138
O          -6.7526813226       -6.8305998922       -1.8318572668
N          -4.5824218052       -6.5803615065       -2.3722947425
H          -3.8101727293       -6.9241132577       -2.9273145641
CA         -4.3305358553       -5.3890880821       -1.5549997510
HA2        -4.9930281325       -4.5850186456       -1.8774498316
HA3        -4.5496257005       -5.6105025413       -0.5099709207
C          -2.8835579029       -4.8906932693       -1.6505963794
O          -2.0295778396       -5.5331544036       -2.2698237914
N          -2.6028458371       -3.7407416976       -1.0351746308
H          -3.3474633572       -3.2639569539       -0.5438854623
CA         -1.2801573536       -3.1051732441       -1.0148281977
HA2        -0.5600419162       -3.7841405195       -0.5566020248
HA3        -0.9561543277       -2.9067120211       -2.0371080326
C          -1.2604785009       -1.7844012409       -0.2368421473
O          -2.2990431673       -1.3238575652        0.2495465737
N          -0.0789922759       -1.1685281800       -0.1339135636
H           0.7153896571       -1.5849640720       -0.5985630070
CA          0.1603776910        0.0688260302        0.6224041588
HA         -0.7977192854        0.4511008651        0.9652545374
CB          1.0014905905       -0.2266296454        1.8736764445
HB2         1.9524906564       -0.6652655082        1.5682696843
HB3         1.2254680069        0.7161573670        2.3750764129
CG          0.3248220538       -1.1403439309        2.8790477673
CD1        -0.6129157360       -0.6109093398        3.7875321044
HD1        -0.8451228646        0.4454244656        3.7666754921
CE1        -1.2507375823       -1.4538208212        4.7191900688
HE1        -1.9690156716       -1.0483504585        5.4174373191
CZ         -0.9512268949       -2.8336370073        4.7410566596
OH         -1.5631346115       -3.6546949850        5.6353623523
HH         -2.1799418581       -3.1691815807        6.1979650762
CE2        -0.0106433430       -3.3627889179        3.8316504654
HE2         0.2155261418       -4.4199449279        3.8543135312
CD2         0.6269587733       -2.5165136587        2.9034310192
HD2         1.3482233685       -2.9262322385        2.2070277650
C           0.8049980156        1.1757467249       -0.2288158297
O           1.4955801712        0.9030548518       -1.2142574665
N           0.5779862552        2.4295074359        0.1665617991
H          -0.0012321814        2.5599279190        0.9918116229
CA          1.0612196582        3.6489500878       -0.4858447830
HA          1.9590422408        3.4134180933       -1.0561442864
CB         -0.0118070123        4.1458567050       -1.4684836292
HB2        -0.2518253413        3.3402907343       -2.1641187268
HB3        -0.9199705202        4.3793777524       -0.9106102049
CG          0.4047435012        5.3574879107       -2.2815795995
CD1        -0.1919906828        6.6126148581       -2.0471494981
HD1        -0.9711462165        6.7135738312       -1.3011734494
CE1         0.2285864322        7.7429335254       -2.7757259496
HE1        -0.2285331287        8.7059587550       -2.5934328909
CZ          1.2502478851        7.6192463507       -3.7425726809
OH          1.6633868386        8.7056682403       -4.4474391430
HH          1.1758198905        9.4991764858       -4.1913188708
CE2         1.8451040984        6.3616027541       -3.9768349056
HE2         2.6275931035        6.2724421617       -4.7173061498
CD2         1.4221357005        5.2341058207       -3.2472335582
HD2         1.8837588730        4.2723034318       -3.4271182657
C           1.4321879733        4.7336607487        0.5464430801
O           0.9467441569        4.7206740150        1.6823565913
N           2.2934181277        5.6772039426        0.1455345643
H           2.6130684214        5.6363162806       -0.8131611790
CH3         2.7812499492        6.7745010781        0.9789106243
HH31        3.5104997337        7.3688854303        0.4257689722
HH32        1.9500104742        7.4182254191        1.2726687247
HH33        3.2561428585        6.3777946334        1.8785629740
HH31       -2.9610710900        1.9591589672       -2.7143362078
CH3        -2.9073400005        1.3142563258       -1.8384247052
HH32       -1.8832439488        0.9763014849       -1.6967278378
HH33       -3.5578618613        0.4525247245       -1.9805812354
C          -3.3556377717        2.0831072380       -0.6176600594
O          -3.6160930837        3.2812576702       -0.7068994098
N          -3.4460369683        1.3993922206        0.5209804805
H          -3.1860800926        0.4191904996        0.5066166218
CA         -3.7916296940        2.0010941509        1.8169437225
HA         -4.5919876250        2.7253074784        1.6565626551
CB         -4.3288553565        0.9059569050        2.7510926120
HB2        -5.0833790923        0.3270509557        2.2155916183
HB3        -3.5162774615        0.2234891335        3.0058446309
CG         -4.9633115111        1.4355646370        4.0243192738
CD1        -4.2304867913        1.4619786229        5.2273061257
HD1        -3.2107101936        1.1013073129        5.2490869831
CE1        -4.8134464560        1.9760867706        6.4020941960
HE1        -4.2454352714        2.0007584396        7.3219362854
CZ         -6.1374941232        2.4654341335        6.3763726763
OH         -6.7068833885        2.9644876585        7.5054596730
HH         -6.0988622242        2.9238534707        8.2548839537
CE2        -6.8714245979        2.4386864871        5.1711642315
HE2        -7.8849776966        2.8154453234        5.1565864297
CD2        -6.2841907008        1.9252931686        3.9978840872
HD2        -6.8508133973        1.9081110720        3.0744024286
C          -2.5952052745        2.7522552317        2.4336939233
O          -1.4433789538        2.4325236442        2.1386438420
N          -2.8340416683        3.7368253892        3.3053773237
H          -3.7887366646        3.9415480352        3.5601921104
CA         -1.7578044826        4.5183893538        3.9309451397
HA         -1.1549768549        4.9573316562        3.1355614812
CB         -2.3592513745        5.6758758553        4.7401220536
HB2        -3.0032326765        6.2656851836        4.0856894703
HB3        -2.9846935661        5.2706470336        5.5374510786
CG         -1.3147676701        6.5988560592        5.3414108874
CD1        -0.9386509998        6.4605179167        6.6926774736
HD1        -1.4040559590        5.7010253277        7.3096298850
CE1         0.0475791066        7.3031330906        7.2430923396
HE1         0.3358879277        7.1949326387        8.2798189231
CZ          0.6622046540        8.2881639789        6.4392274018
OH          1.6155204714        9.1039493963        6.9626917527
HH          1.7775933190        8.9051976912        7.8939834471
CE2         0.2852081249        8.4254086621        5.0861030867
HE2         0.7603056864        9.1802633182        4.4747621424
CD2        -0.7011539877        7.5812662782        4.5390917264
HD2        -0.9846454727        7.6862267373        3.4987935776
C          -0.8332309743        3.6373809553        4.7963500811
O          -1.2800390743        3.0082026643        5.7605635102
N           0.4587753969        3.5865920951        4.4586181464
H           0.7615550070        4.0996388232        3.6353683461
CA          1.4529674938        2.7549290904        5.1473326141
HA2         1.5136286069        3.0504160475        6.1950862212
HA3         1.1298426046        1.7138592541        5.1098150500
C           2.8579498841        2.8488605365        4.5428448404
O           3.1913513003        3.8207421455        3.8601720104
N           3.6923575383        1.8351222360        4.7937730275
H           3.3588286351        1.0710894099        5.3641048202
CA          5.0546072808        1.7421961736        4.2519745143
HA2         5.6176793253        2.6293824420        4.5448897914
HA3         5.5584264031        0.8719505895        4.6728381640
C           5.0732602164        1.6150906119        2.7232393159
O           4.3361274957        0.8072207736        2.1516914845
N           5.9019326660        2.4234393435        2.0580522741
H           6.4918860805        3.0458191941        2.5931354325
CA          5.9761077481        2.5336254051        0.5957824426
HA          5.8142083227        1.5498400702        0.1517417796
CB          4.8572207862        3.4788613811        0.1251298970
HB2         3.8978702287        3.0567650820        0.4254013765
HB3         4.9682470901        4.4348559000        0.6395789913
CG          4.8160556256        3.7265035422       -1.3711422196
CD1         5.2268825334        4.9692898044       -1.8934373682
HD1         5.5553722485        5.7590774345       -1.2289147949
CE1         5.2280453660        5.1833231488       -3.2852990163
HE1         5.5458023475        6.1325847574       -3.6932450641
CZ          4.8185728586        4.1541552203       -4.1595512154
OH          4.8197075867        4.3662357083       -5.5022164965
HH          4.5248313802        3.5838708823       -5.9848134211
CE2         4.3965437078        2.9130278738       -3.6345233423
HE2         4.0775907528        2.1244510508       -4.3021455172
CD2         4.3950030851        2.7022394742       -2.2417311669
HD2         4.0718803725        1.7484812011       -1.8423300758
C           7.3529593518        3.0440005503        0.1312646460
O           8.0343082041        3.7686490925        0.8634357257
N           7.7501540391        2.6892123918       -1.0945569357
H           7.1280645857        2.1158233655       -1.6479252557
CA          8.9495253498        3.1922048648       -1.7744658754
HA          9.1551975588        4.2053661577       -1.4248431847
CB         10.1530756814        2.3030927052       -1.4199432970
HB2        10.2536083944        2.2619614798       -0.3342131630
HB3         9.9586684225        1.2867939360       -1.7670172352
CG         11.4718577094        2.7858708241       -1.9967571348
CD1        12.0287459255        2.1516220478       -3.1258032569
HD1        11.5218428716        1.3088360993       -3.5804083733
CE1        13.2433824932        2.6138963331       -3.6703768561
HE1        13.6687696666        2.1269752781       -4.5373379719
CZ         13.9052985402        3.7151611042       -3.0845507117
OH         15.0771704306        4.1673229918       -3.6047069933
HH         15.3465037503        3.6468701428       -4.3726719632
CE2        13.3470175201        4.3489903122       -1.9537566860
HE2        13.8586613570        5.1914215636       -1.5087546414
CD2        12.1324737728        3.8843563399       -1.4116801860
HD2        11.7072373705        4.3728494906       -0.5429473626
C           8.7316474446        3.2514694344       -3.2981292295
O           8.0573567305        2.3868665130       -3.8672298731
N           9.3125869796        4.2583376514       -3.9625007039
H           9.8719201882        4.9102621579       -3.4297722228
CH3         9.2059375680        4.4756736065       -5.4051830185
HH31        9.7501035129        5.3781829815       -5.6893705815
HH32        9.6275095609        3.6249402887       -5.9441717237
HH33        8.1579506160        4.5906694056       -5.6899169384
         220
Energy of minimum      4=    -322.5471976     first found at step        4 after                 9701 function calls
HH31       -6.0426441676      -15.5546008242       -8.3922170754
CH3        -5.2577524058      -14.8000030047       -8.4145126675
HH32       -5.3849769700      -14.1665616131       -9.2911090015
HH33       -4.2844832827      -15.2867102109       -8.4561214887
C          -5.3377290386      -13.9499770605       -7.1682529671
O          -6.2057817226      -14.1712538015       -6.3254586553
N          -4.4339789536      -12.9789073100       -7.0531082490
H          -3.7692295932      -12.8642571916       -7.8053087727
CA         -4.3423028354      -12.0345006932       -5.9317835171
HA         -5.3318510870      -11.9094341307       -5.4888519315
CB         -3.4019291427      -12.6121794816       -4.8590279159
HB2        -3.8070349673      -13.5638851580       -4.5114915309
HB3        -2.4318241076      -12.8187463609       -5.3145609772
CG         -3.1983277345      -11.7103580570       -3.6537178269
CD1        -2.0153320765      -10.9534451386       -3.5272928657
HD1        -1.2384452928      -11.0306202631       -4.2785630428
CE1        -1.8406753159      -10.0895546709       -2.4280601630
HE1        -0.9321098555       -9.5108692642       -2.3324798012
CZ         -2.8530035449       -9.9805565622       -1.4497351455
OH         -2.6882738545       -9.1550668262       -0.3821494220
HH         -1.8303626017       -8.7128660422       -0.4057011904
CE2        -4.0364787242      -10.7393036849       -1.5767615408
HE2        -4.8074043461      -10.6526080647       -0.8234921670
CD2        -4.2082875407      -11.6020875531       -2.6773904492
HD2        -5.1188901297      -12.1816149790       -2.7719601342
C          -3.8593954024      -10.6484261030       -6.3965426183
O          -3.0787825442      -10.5396934389       -7.3475057365
N          -4.3018183411       -9.5914915341       -5.7087675473
H          -4.9212027850       -9.7598468145       -4.9278134232
CA         -3.8463554187       -8.2090794052       -5.8935868751
HA         -2.8072025918       -8.2201655566       -6.2270183600
CB         -4.6967722315       -7.5255412646       -6.9774834207
HB2        -4.6324612112       -8.1089578017       -7.8972812185
HB3        -5.7418348690       -7.5273769634       -6.6628614704
CG         -4.2712136147       -6.1016848049       -7.2885779764
CD1        -5.0029871907       -5.0128482940       -6.7724811684
HD1        -5.8839432662       -5.1887872162       -6.1667643981
CE1        -4.5878547312       -3.6923631912       -7.0358047107
HE1        -5.1493039307       -2.8580821151       -6.6378254050
CZ         -3.4364430049       -3.4579962976       -7.8189774707
OH         -3.0294626913       -2.1867640283       -8.0768771468
HH         -3.6163907460       -1.5381845263       -7.6671725188
CE2        -2.7058212757       -4.5489384503       -8.3367579243
HE2        -1.8251681638       -4.3633644971       -8.9362751614
CD2        -3.1229870367       -5.8680678544       -8.0709521243
HD2        -2.5583566174       -6.7031390207       -8.4683623819
C          -3.9102071470       -7.4283975957       -4.5679589404
O          -4.8049896002       -7.6560316849       -3.7479247039
N          -2.9784329281       -6.4940623620       -4.3628234957
H          -2.2831758394       -6.3401796098       -5.0808187007
CA         -2.9062416246       -5.6342585701       -3.1769901187
HA2        -3.8225749270       -5.0477434598       -3.1015170798
HA3        -2.8248911854       -6.2527227590       -2.2825374151
C          -1.7155023395       -4.6685890951       -3.2068332839
O          -0.8755892586       -4.7227464890       -4.1107570835
N          -1.6383067612       -3.7800104509       -2.2146562711
H          -2.3580550201       -3.7889136869       -1.5040008536
CA         -0.5754103708       -2.7782645018       -2.0709866786
HA2         0.3889097123       -3.2825820226       -1.9981987125
HA3        -0.5573747830       -2.1377844997       -2.9535208087
C          -0.7501270118       -1.8906442528       -0.8333683541
O          -1.7407208015       -2.0131147173       -0.1046591016
N           0.2068671430       -0.9859782359       -0.6063382287
H           0.9617121289       -0.9158530576       -1.2739109048
CA          0.2564480369       -0.0894736794        0.5573551984
HA         -0.6688903862       -0.2029002673        1.1163843684
CB          1.4025583181       -0.4981570730        1.4953717594
HB2         2.3451933321       -0.4492047028        0.9484547899
HB3         1.4624724049        0.2251252928        2.3100420970
CG          1.2461165199       -1.8781951434        2.1073839207
CD1         0.4249227986       -2.0545754222        3.2385450957
HD1        -0.0889152991       -1.2050913927        3.6681291961
CE1         0.2687627733       -3.3337994230        3.8081995335
HE1        -0.3597073469       -3.4697891726        4.6767676344
CZ          0.9351927103       -4.4428388486        3.2425299475
OH          0.7889093169       -5.6810742953        3.7844905091
HH          0.2030395017       -5.6651083527        4.5520808219
CE2         1.7587771168       -4.2649157591        2.1103779057
HE2         2.2676012860       -5.1178082267        1.6826904632
CD2         1.9145699190       -2.9840375167        1.5452345240
HD2         2.5474178672       -2.8513849223        0.6763412706
C           0.3638867504        1.3940794175        0.1663184936
O           0.8657766687        1.7367329944       -0.9074846221
N          -0.1070009065        2.2720069768        1.0536082869
H          -0.5010698508        1.8992993149        1.9134579461
CA         -0.1372956209        3.7290807402        0.9045938980
HA          0.6404608082        4.0295366923        0.2034338379
CB         -1.4963541501        4.1405122853        0.3150482370
HB2        -1.6527547195        3.5993807457       -0.6193867868
HB3        -2.2859834809        3.8391226673        1.0050964291
CG         -1.6225598426        5.6242763008        0.0231478187
CD1        -2.4752668931        6.4336087281        0.8004926393
HD1        -3.0657873092        5.9947441412        1.5957535273
CE1        -2.5564470240        7.8182208712        0.5523224535
HE1        -3.2094744187        8.4386054778        1.1508917012
CZ         -1.7820181685        8.3973067655       -0.4766590146
OH         -1.8527490817        9.7327853200       -0.7202300930
HH         -2.4709659449       10.1690571442       -0.1198556395
CE2        -0.9303343168        7.5850792509       -1.2546829019
HE2        -0.3387288002        8.0334489929       -2.0404973231
CD2        -0.8519387403        6.2017549855       -1.0042076655
HD2        -0.1944923803        5.5831346197       -1.6005227899
C           0.1392226529        4.4405502970        2.2451841648
O          -0.0585790177        3.8659728703        3.3207587108
N           0.5945641794        5.6978264220        2.1770683288
H           0.6916268016        6.1068123076        1.2571476890
CH3         0.9326700977        6.5297658973        3.3303758956
HH31        1.6863120376        6.0307122106        3.9429470496
HH32        1.3272841485        7.4907039155        2.9957988363
HH33        0.0428620429        6.7049778816        3.9379746752
HH31       -3.9262751098        1.6624616478       -1.4133307465
CH3        -3.5030180780        0.8115572023       -0.8815199087
HH32       -2.4206009258        0.8165237774       -0.9883659295
HH33       -3.9046313570       -0.1123857317       -1.2950436892
C          -3.8632637779        0.9019885847        0.5828627164
O          -4.4578413241        1.8896060776        1.0100077880
N          -3.5056094728       -0.1239142114        1.3521145206
H          -2.9947991875       -0.8853055877        0.9185994301
CA         -3.7068685900       -0.1705530048        2.8075608282
HA         -4.6910364850        0.2442837489        3.0313997201
CB         -3.6986544433       -1.6362232253        3.2683396715
HB2        -4.3631431506       -2.2112572478        2.6210454645
HB3        -2.6936211965       -2.0435114771        3.1460057742
CG         -4.1550977956       -1.8363602054        4.7021212544
CD1        -3.2097237891       -1.9844048520        5.7361708009
HD1        -2.1517382994       -1.9587512804        5.5114250664
CE1        -3.6356275893       -2.1460345571        7.0691215659
HE1        -2.9068303735       -2.2527147973        7.8608469740
CZ         -5.0145370278       -2.1618635196        7.3717475223
OH         -5.4337554887       -2.3159986415        8.6557232770
HH         -4.6873973890       -2.4063463898        9.2621593604
CE2        -5.9613464786       -2.0137088542        6.3356497429
HE2        -7.0163577305       -2.0257266966        6.5728342648
CD2        -5.5313090634       -1.8505256733        5.0039435233
HD2        -6.2616887051       -1.7355660080        4.2117921301
C          -2.6587926402        0.6771097072        3.5552676237
O          -1.5591583197        0.8945616793        3.0458501278
N          -2.9604006210        1.1493430519        4.7686433073
H          -3.8528825129        0.9129221189        5.1759098110
CA         -2.0311228463        1.9794051141        5.5483243820
HA         -1.7657771321        2.8464696432        4.9429330709
CB         -2.7334525922        2.5006348106        6.8098049671
HB2        -3.6441470999        3.0245130216        6.5147523507
HB3        -3.0288308226        1.6545806371        7.4327544257
CG         -1.8783528310        3.4517150300        7.6275076382
CD1        -1.1879058678        2.9863237175        8.7647044941
HD1        -1.2758339527        1.9489796856        9.0651159837
CE1        -0.3763663433        3.8652285608        9.5093765836
HE1         0.1536922879        3.5062801164       10.3810561924
CZ         -0.2528529528        5.2156764524        9.1153156238
OH          0.5293364459        6.0693800279        9.8278474133
HH          0.9429556468        5.6252743319       10.5793548998
CE2        -0.9442337548        5.6804640334        7.9760733493
HE2        -0.8447131801        6.7151055451        7.6779564779
CD2        -1.7547173254        4.7989904222        7.2338950491
HD2        -2.2801707310        5.1580073727        6.3571912008
C          -0.7306644166        1.2233924479        5.8906513004
O          -0.7600061865        0.1844832056        6.5577468754
N           0.4162035286        1.7382258829        5.4372619039
H           0.3743492530        2.5773222210        4.8656004449
CA          1.7288124007        1.1108855412        5.6319669248
HA2         1.9368535911        1.0225578647        6.6985958017
HA3         1.7062016204        0.1055767932        5.2094890324
C           2.8819640867        1.8838929191        4.9831962935
O           2.7731050402        3.0844540314        4.7213643276
N           3.9981951734        1.1964754817        4.7217564872
H           4.0244764121        0.2165121502        4.9651641712
CA          5.1769923355        1.7699383246        4.0588219361
HA2         5.5232421568        2.6335357797        4.6282597950
HA3         5.9822602868        1.0353992849        4.0419900280
C           4.8895895856        2.2004821688        2.6146723748
O           4.2965588581        1.4442654601        1.8406328345
N           5.2930351115        3.4212148663        2.2546132138
H           5.7916138678        3.9781635148        2.9350126203
CA          5.0067624689        4.0544409435        0.9611881814
HA          5.0285619910        3.2963456486        0.1763100909
CB          3.5947267567        4.6621068891        1.0227552865
HB2         2.8812075484        3.8614909502        1.2191879525
HB3         3.5487083047        5.3539818829        1.8654305960
CG          3.1550540426        5.3877635177       -0.2350045938
CD1         3.0794910356        6.7949500700       -0.2493102546
HD1         3.3160715989        7.3634874742        0.6417875631
CE1         2.7119197904        7.4691860241       -1.4297287872
HE1         2.6559073418        8.5485233635       -1.4492391632
CZ          2.4191661864        6.7375786848       -2.6002917233
OH          2.0630519744        7.3928843412       -3.7367276181
HH          1.8963428842        6.7786238180       -4.4625644839
CE2         2.4844030462        5.3270610022       -2.5817405344
HE2         2.2557292076        4.7639194797       -3.4761028923
CD2         2.8509268245        4.6552010196       -1.3991295269
HD2         2.9012749017        3.5731007057       -1.3886884988
C           6.0497119687        5.1319904015        0.6102983313
O           6.6492770900        5.7403704448        1.5023867140
N           6.2465507185        5.3869984094       -0.6868146076
H           5.7003412882        4.8682205479       -1.3609895755
CA          7.0777407104        6.4729192404       -1.2194204834
HA          7.0677921736        7.3046191489       -0.5128732304
CB          8.5275758824        5.9836849572       -1.3722892123
HB2         8.8743674774        5.6020813660       -0.4106640991
HB3         8.5494885817        5.1521950924       -2.0788741180
CG          9.4989282155        7.0566114455       -1.8308505416
CD1         9.9438392578        7.0883880650       -3.1680811010
HD1         9.6017275906        6.3393074196       -3.8721711471
CE1        10.8306523690        8.0966174408       -3.5954401385
HE1        11.1701730189        8.1203434283       -4.6220027835
CZ         11.2754417830        9.0781549787       -2.6828309788
OH         12.1304948716       10.0544285198       -3.0878875483
HH         12.3553885098        9.9610192750       -4.0227027728
CE2        10.8297332820        9.0449254368       -1.3440434088
HE2        11.1742411102        9.7986743237       -0.6492963002
CD2         9.9431039623        8.0355428180       -0.9199167303
HD2         9.6036846098        8.0126186252        0.1088772935
C           6.5188418255        6.9836013004       -2.5608265337
O           6.0007279660        6.1984886604       -3.3615993263
N           6.6360811090        8.2927150804       -2.8160521989
H           7.0973892597        8.8657986453       -2.1229223917
CH3         6.1555231147        8.9508966169       -4.0308783560
HH31        5.0805790938        8.7934403998       -4.1416790129
HH32        6.3517398595       10.0233569833       -3.9786284464
HH33        6.6649178430        8.5411098645       -4.9052758769
         220
Energy of minimum      5=    -321.1827086     first found at step        5 after                21549 function calls
HH31       12.1779400028       -3.6909907177       -0.5471206372
CH3        11.1547191253       -3.4822316996       -0.2384616682
HH32       11.1264117313       -2.5465518197        0.3178213035
HH33       10.7916904138       -4.2931562444        0.3907798820
C          10.2724565533       -3.3690410301       -1.4592796338
O          10.7341997581       -3.5956789841       -2.5763824027
N           9.0046731712       -3.0202124594       -1.2470035924
H           8.7253037949       -2.8188725967       -0.2976737525
CA          7.9890916479       -2.8409788890       -2.2944520182
HA          8.4860637210       -2.5122580512       -3.2085178209
CB          7.3082814842       -4.1946352997       -2.5667496463
HB2         8.0790853759       -4.9470962269       -2.7411921244
HB3         6.7573593989       -4.4947688789       -1.6746619161
CG          6.3773122720       -4.2107902118       -3.7660395543
CD1         5.0016449327       -4.4624997003       -3.5950095682
HD1         4.6015859776       -4.6571733648       -2.6094205983
CE1         4.1375161461       -4.4662262949       -4.7071426094
HE1         3.0819063411       -4.6557863407       -4.5705707140
CZ          4.6497040694       -4.2200739009       -5.9994626780
OH          3.8231443948       -4.2284294827       -7.0789971441
HH          2.9095702644       -4.4070896641       -6.8218579816
CE2         6.0295266680       -3.9788551929       -6.1722348863
HE2         6.4181902867       -3.8001252820       -7.1654085796
CD2         6.8910359816       -3.9767649660       -5.0576326810
HD2         7.9509090138       -3.8010353367       -5.1982118882
C           6.9673466848       -1.7539810638       -1.9050055857
O           6.7982695740       -1.4558695588       -0.7186259691
N           6.2831834489       -1.1635594312       -2.8919692014
H           6.4151851083       -1.5076849783       -3.8333030716
CA          5.3545977023       -0.0356536082       -2.7208518522
HA          5.1519756508        0.0985341897       -1.6589675228
CB          6.0279820408        1.2522661046       -3.2188625645
HB2         6.9603792439        1.3965354720       -2.6704980968
HB3         6.2833587392        1.1336902812       -4.2732742083
CG          5.1775009506        2.4977924100       -3.0483198406
CD1         4.5358396422        3.0733472889       -4.1634737943
HD1         4.6659625070        2.6414183011       -5.1485747560
CE1         3.7174163335        4.2081372328       -4.0014041488
HE1         3.2256523344        4.6484610817       -4.8580479398
CZ          3.5368486611        4.7697690280       -2.7188417354
OH          2.7504654101        5.8665200982       -2.5590953208
HH          2.3819314968        6.1601016084       -3.4016156546
CE2         4.1798664681        4.1928157848       -1.6024666299
HE2         4.0381571190        4.6286214735       -0.6231269856
CD2         4.9994288173        3.0586985324       -1.7678164902
HD2         5.4925610701        2.6201070016       -0.9086211052
C           3.9987945936       -0.2752049122       -3.4123556917
O           3.9263994399       -0.9225630277       -4.4598426589
N           2.9242285491        0.2598292324       -2.8256500291
H           3.0609651959        0.8238587272       -1.9984724514
CA          1.5392073308        0.0622259018       -3.2583827211
HA2         1.3832594157        0.5349334985       -4.2283071087
HA3         1.3479080211       -1.0064295785       -3.3638062204
C           0.5322656617        0.6506442865       -2.2624531461
O           0.8226190910        1.6409167297       -1.5856635197
N          -0.6468388070        0.0334933449       -2.1620144592
H          -0.8055018703       -0.7855186482       -2.7328328340
CA         -1.7148569825        0.4026382406       -1.2243563567
HA2        -1.2832803110        0.8234699278       -0.3152160459
HA3        -2.3457839364        1.1631004452       -1.6841112273
C          -2.5975818219       -0.7878158441       -0.8287362313
O          -2.4427529561       -1.8873948608       -1.3684658731
N          -3.5295077247       -0.5704330895        0.1042667256
H          -3.6334471022        0.3736467477        0.4579934929
CA         -4.4250528880       -1.6070584037        0.6493436353
HA         -4.2459908696       -2.5466742735        0.1254160504
CB         -4.1241504967       -1.8430809807        2.1399484833
HB2        -4.3658295642       -0.9288938817        2.6848226741
HB3        -4.7951287075       -2.6206761572        2.5080635416
CG         -2.7032085475       -2.2658628724        2.4855262120
CD1        -2.1264747011       -3.4072586218        1.8892421977
HD1        -2.6840894257       -3.9773820552        1.1571984594
CE1        -0.8244023145       -3.8156522801        2.2454074960
HE1        -0.3825581596       -4.6866560383        1.7816624805
CZ         -0.0965038770       -3.0863346664        3.2102644424
OH          1.1660818476       -3.4535953805        3.5544879092
HH          1.4893878402       -4.2020348205        3.0300845440
CE2        -0.6799896281       -1.9559363404        3.8177782052
HE2        -0.1266688595       -1.4093348694        4.5667326868
CD2        -1.9751108514       -1.5434897929        3.4520095184
HD2        -2.4134463959       -0.6745049300        3.9272466047
C          -5.9122347499       -1.2659420198        0.4487944100
O          -6.2934416786       -0.0937462067        0.4134138116
N          -6.7619633007       -2.2896363669        0.3277965377
H          -6.3949301270       -3.2296028501        0.3891516399
CA         -8.2168033643       -2.1609020803        0.1630401337
HA         -8.5517320160       -1.2567360829        0.6744491435
CB         -8.5427805780       -2.0207081926       -1.3344772653
HB2        -7.9421031929       -1.2108025611       -1.7500036253
HB3        -8.2511636899       -2.9381064570       -1.8487867308
CG         -9.9990836568       -1.7150160155       -1.6348730676
CD1       -10.8447187267       -2.7172059504       -2.1520754247
HD1       -10.4554745659       -3.7093173171       -2.3472030336
CE1       -12.2003544408       -2.4344433025       -2.4125795449
HE1       -12.8483207597       -3.2047459777       -2.8080993968
CZ        -12.7139577070       -1.1442737055       -2.1561712244
OH        -14.0208964345       -0.8642009028       -2.4045229744
HH        -14.4865310099       -1.6346846025       -2.7547913454
CE2       -11.8658702494       -0.1413915171       -1.6394383868
HE2       -12.2643704945        0.8451880157       -1.4461589918
CD2       -10.5110213806       -0.4271593130       -1.3799598133
HD2        -9.8630103283        0.3461974993       -0.9851272517
C          -8.9619345721       -3.3543422283        0.7925466518
O          -8.3991961824       -4.4467170595        0.9238306656
N         -10.2274728182       -3.1541152761        1.1811635633
H         -10.6274816366       -2.2404857658        1.0149959712
CH3       -11.0858853336       -4.1707499924        1.7893453724
HH31      -10.6373583574       -4.5361225106        2.7153658062
HH32      -12.0661277655       -3.7468911617        2.0152081117
HH33      -11.2147943864       -5.0108279349        1.1039206679
HH31       -5.0762251872       -0.6374028322       -2.4331820783
CH3        -5.3928938091        0.0235715186       -3.2363246521
HH32       -6.4441091041       -0.1524111759       -3.4579998881
HH33       -4.7966597393       -0.1750064815       -4.1258232150
C          -5.2122307698        1.4652613424       -2.8211890909
O          -4.6228650396        2.2484466820       -3.5630389077
N          -5.7197868042        1.8201756646       -1.6430612794
H          -6.1321873957        1.1000296285       -1.0610321447
CA         -5.6824365302        3.1812828255       -1.0966411510
HA         -5.7763108389        3.8772825450       -1.9320823341
CB         -6.9041126476        3.3945381057       -0.1880242903
HB2        -7.7956377775        3.0403170375       -0.7086676307
HB3        -6.7896385149        2.7881883644        0.7119466653
CG         -7.1397596244        4.8431633214        0.2013098813
CD1        -6.8097487562        5.2963664313        1.4940857911
HD1        -6.3948557100        4.6089705995        2.2212773644
CE1        -7.0018127726        6.6480972590        1.8419626463
HE1        -6.7422686509        6.9936738700        2.8332095314
CZ         -7.5276311402        7.5527023088        0.8941565611
OH         -7.7137840964        8.8588803275        1.2216919830
HH         -7.4486751100        9.0353161933        2.1336155187
CE2        -7.8594767248        7.0978918023       -0.3999834283
HE2        -8.2626868791        7.7947584912       -1.1220063601
CD2        -7.6658024255        5.7456537194       -0.7445488695
HD2        -7.9226030910        5.4010359074       -1.7393093648
C          -4.3532498347        3.5030995703       -0.3828437621
O          -3.6426759264        2.6055733444        0.0837552438
N          -4.0166120817        4.7946554374       -0.3048000142
H          -4.6792419947        5.4716998494       -0.6530527883
CA         -2.7571138133        5.3091900736        0.2470594538
HA         -1.9392503630        4.7502110129       -0.2110349104
CB         -2.6022965590        6.7826838586       -0.1667388168
HB2        -2.6428383757        6.8483250232       -1.2553817196
HB3        -3.4483439598        7.3493525462        0.2263938888
CG         -1.3112825406        7.4325159667        0.2995495107
CD1        -0.0908185634        7.0958190408       -0.3191256896
HD1        -0.0751520864        6.3952331728       -1.1453588971
CE1         1.1144562479        7.6654964411        0.1366745201
HE1         2.0500484391        7.4039439684       -0.3380939509
CZ          1.1016429258        8.5764389531        1.2151630738
OH          2.2612706519        9.1281733288        1.6612178628
HH          3.0199439670        8.8136577385        1.1528909424
CE2        -0.1212319460        8.9149978049        1.8326630771
HE2        -0.1254116465        9.6125394666        2.6589195393
CD2        -1.3248845940        8.3435026150        1.3753609945
HD2        -2.2596999902        8.6011003742        1.8585269688
C          -2.6330450223        5.1353053339        1.7756974656
O          -3.6242914115        5.1539479455        2.5108955578
N          -1.3953325829        4.9922715534        2.2563605213
H          -0.6288372062        4.9969555698        1.5968517670
CA         -1.0312392256        4.8586090954        3.6705152669
HA2        -1.0467050351        5.8385816098        4.1480389643
HA3        -1.7530190252        4.2170270295        4.1774368494
C           0.3651538384        4.2506522288        3.8445806538
O           1.1104833026        4.0968084621        2.8713152633
N           0.7184084649        3.8656572694        5.0742036359
H           0.0689521711        4.0233654190        5.8316526119
CA          1.8959646288        3.0276606575        5.3382578941
HA2         2.7859045020        3.5089439977        4.9304773929
HA3         2.0343396873        2.9070197776        6.4127326734
C           1.7336882245        1.6383475664        4.7078714521
O           0.6606563509        1.0377674505        4.8071941619
N           2.7712427601        1.1372509492        4.0324539863
H           3.6316597770        1.6667918420        4.0149602959
CA          2.7041123772       -0.0671925614        3.1942485818
HA          1.9047290988       -0.7142329087        3.5547518542
CB          2.3620585448        0.3536808291        1.7525232998
HB2         1.4148248983        0.8953858758        1.7606413773
HB3         3.1274418672        1.0438078233        1.3932754568
CG          2.2501875651       -0.7965457239        0.7683793008
CD1         3.4003526259       -1.2807415991        0.1147231758
HD1         4.3635781135       -0.8267604856        0.3062424259
CE1         3.3066154617       -2.3789814303       -0.7598874163
HE1         4.1869669916       -2.7626471075       -1.2495125374
CZ          2.0581001255       -2.9907946358       -0.9954928825
OH          1.9739803383       -4.0536364019       -1.8378414299
HH          1.0705699643       -4.3858470851       -1.9053993075
CE2         0.9033320003       -2.4955964991       -0.3530670714
HE2        -0.0560648212       -2.9608462807       -0.5284917025
CD2         1.0032190541       -1.4038606722        0.5309165306
HD2         0.1197218949       -1.0411321923        1.0385585559
C           4.0080303112       -0.8799505260        3.2246032548
O           5.1043761363       -0.3146086491        3.2604330929
N           3.8823526008       -2.2062085940        3.1334400259
H           2.9436022413       -2.5875366617        3.1243350134
CA          4.9626711674       -3.1357021509        2.7881224945
HA          5.6802033360       -2.6089676733        2.1566259180
CB          5.6906570867       -3.5948677807        4.0614244691
HB2         5.9354283814       -2.7198046471        4.6655767833
HB3         5.0211254044       -4.2223246892        4.6521912028
CG          6.9803684724       -4.3449490004        3.7824692173
CD1         7.0172895832       -5.7523396047        3.8495141906
HD1         6.1270105929       -6.3070359932        4.1207968918
CE1         8.2096114072       -6.4433578797        3.5550437815
HE1         8.2360297177       -7.5234547076        3.6034393061
CZ          9.3712872032       -5.7253483879        3.1954510181
OH         10.5246417371       -6.3847595237        2.9082582381
HH         10.4150169186       -7.3407738091        2.9911259560
CE2         9.3337963313       -4.3160692679        3.1331362723
HE2        10.2277123413       -3.7710709840        2.8636841187
CD2         8.1395285933       -3.6285092099        3.4240777820
HD2         8.1140167845       -2.5463442049        3.3740439433
C           4.4208185076       -4.3346677354        1.9829679748
O           3.2647700527       -4.7381500574        2.1568139070
N           5.2554862663       -4.9120240122        1.1096863076
H           6.2005291687       -4.5590824122        1.0622433532
CH3         4.9093287042       -6.0501660105        0.2584015436
HH31        4.0766248041       -5.7872090801       -0.3969495504
HH32        5.7663171431       -6.3392639017       -0.3523374674
HH33        4.6154216749       -6.9016961244        0.8752927410
