   1.8404229   1.3723475   0.4260249
   2.0123088   2.2866731  -0.1400666
   1.2465418   3.0197328   0.1091576
   1.9735856   2.0688031  -1.2063134
   3.3716316   2.8476266   0.2055845
   4.0885266   2.2690013   1.0204533
   3.7236658   3.9735038  -0.4119994
   3.0610098   4.3839240  -1.0548563
   4.9887073   4.6918912  -0.2090132
   5.3612651   4.4802838   0.7946849
   6.0256866   4.1855610  -1.2262300
   6.1456953   3.1083988  -1.0994011
   5.6431042   4.3533166  -2.2345530
   7.3927320   4.8343526  -1.1009267
   7.7810615   5.8486582  -1.9999093
   7.1111180   6.1564276  -2.7938434
   9.0392737   6.4686508  -1.8675495
   9.3361904   7.2454922  -2.5588146
   9.9143619   6.0733359  -0.8321746
  11.1333455   6.6613154  -0.7031114
  11.2776011   7.3287091  -1.3860124
   9.5248242   5.0571099   0.0666787
  10.2001092   4.7574007   0.8562678
   8.2655198   4.4398214  -0.0677131
   7.9697711   3.6603710   0.6244151
   4.7964549   6.2149725  -0.3259998
   3.9420271   6.6834739  -1.0850766
   5.5986384   6.9889343   0.4116051
   6.2976003   6.5386868   0.9866112
   5.6246868   8.4563443   0.3757263
   5.3718417   8.7895969  -0.6322755
   4.5699772   9.0098513   1.3499701
   3.5973818   8.5847671   1.0971097
   4.8149987   8.6821860   2.3617556
   4.4409223  10.5225211   1.3305095
   4.9976162  11.2968909   2.3687058
   5.5028461  10.8133740   3.1962187
   4.9063103  12.7024359   2.3304221
   5.3353256  13.2953662   3.1266099
   4.2549541  13.3377814   1.2505047
   4.1622622  14.6934182   1.2071464
   4.5823705  15.1007528   1.9756040
   3.6954854  12.5611938   0.2132282
   3.1970073  13.0531705  -0.6107135
   3.7894157  11.1561567   0.2538335
   3.3606577  10.5633320  -0.5454648
   7.0261951   8.9993690   0.7136210
   7.7796485   8.3730536   1.4651120
   7.3700324  10.1752270   0.1816531
   6.6981178  10.6519585  -0.4051129
   8.6348827  10.8728318   0.4361270
   8.7594937  11.0131862   1.5104891
   9.4656587  10.2664382   0.0741721
   8.7065695  12.2464314  -0.2422345
   7.8260824  12.6135045  -1.0265565
   9.7585030  13.0114711   0.0558253
  10.4479608  12.6509437   0.7022515
   9.9938935  14.3542062  -0.4888799
   9.9759538  14.3105510  -1.5785115
   9.1959283  15.0228431  -0.1643363
  11.3349504  14.9576033  -0.0540717
  12.0653083  14.3667359   0.7476974
  11.6632574  16.1351815  -0.5908741
  11.0053217  16.5670381  -1.2254718
  12.9075356  16.8709189  -0.3265159
  13.2557441  16.6352132   0.6806508
  13.9799367  16.4150182  -1.3319031
  14.1196998  15.3373702  -1.2328692
  13.6171539  16.6032375  -2.3439352
  15.3310326  17.0858872  -1.1587026
  15.7282407  18.1155061  -2.0362111
  15.0774537  18.4191516  -2.8474751
  16.9703702  18.7565212  -1.8598526
  17.2739026  19.5451591  -2.5346394
  17.8203708  18.3671147  -0.8016475
  19.0248086  18.9742276  -0.6313863
  19.1774401  19.6507433  -1.3032690
  17.4221692  17.3353436   0.0755411
  18.0786527  17.0400691   0.8823989
  16.1789153  16.6968911  -0.1028610
  15.8767469  15.9052837   0.5724331
  12.6920607  18.3941784  -0.4045993
  11.8213707  18.8677450  -1.1416438
  13.4966937  19.1624273   0.3363979
  14.2080991  18.7077807   0.8922924
  13.5320511  20.6297509   0.3036812
  13.2543502  20.9668840  -0.6964297
  12.5090627  21.1915048   1.3057188
  11.5279488  20.7692473   1.0828615
  12.7818946  20.8671101   2.3114384
  12.3853554  22.7046921   1.2825273
  12.9756858  23.4822745   2.2994183
  13.5089173  23.0010594   3.1104924
  12.8803449  24.8876898   2.2616459
  13.3355167  25.4829363   3.0414127
  12.1916747  25.5199011   1.2032382
  12.0968049  26.8754102   1.1589138
  12.5430036  27.2853707   1.9112077
  11.5997189  24.7402582   0.1864717
  11.0729256  25.2297384  -0.6212630
  11.6969167  23.3353743   0.2271118
  11.2410051  22.7401631  -0.5552005
  14.9489014  21.1559734   0.6024162
  15.6911190  20.5492981   1.3813997
  15.3209387  22.2915550  -0.0018777
  14.6462231  22.7439960  -0.6034740
  16.6204334  22.9412565   0.1688170
  17.4231986  22.2510334  -0.0980468
  16.6852344  23.8227370  -0.4716804
  16.7505306  23.2499871   1.2079038
   9.1791852   8.7935559   7.6470595
   9.3481074   9.7091110   7.0820541
   8.5800370  10.4393463   7.3323765
   9.3100397   9.4923520   6.0155760
  10.7056429  10.2738480   7.4285083
  11.4242773   9.6963695   8.2426317
  11.0541571  11.4017756   6.8126458
  10.3900930  11.8118356   6.1711550
  12.3164567  12.1242915   7.0181111
  12.6864287  11.9149238   8.0232645
  13.3581284  11.6194941   6.0048402
  13.4758957  10.5417943   6.1292185
  12.9813104  11.7908567   4.9949779
  14.7257356  12.2651225   6.1401478
  15.1245612  13.2764123   5.2423347
  14.4624850  13.5840247   4.4418426
  16.3831960  13.8934723   5.3844460
  16.6882556  14.6679250   4.6941355
  17.2480573  13.4982211   6.4284845
  18.4675453  14.0830270   6.5672125
  18.6198156  14.7489049   5.8846557
  16.8480159  12.4849603   7.3260718
  17.5155419  12.1852579   8.1222488
  15.5883887  11.8706278   7.1818930
  15.2846379  11.0934380   7.8731018
  12.1201464  13.6468241   6.8991814
  11.2569339  14.1120736   6.1481456
  12.9282519  14.4238308   7.6270074
  13.6345867  13.9759144   8.1948786
  12.9512178  15.8911961   7.5889118
  12.6826238  16.2230726   6.5845656
  11.9106026  16.4439329   8.5785796
  10.9332051  16.0245483   8.3348830
  12.1662887  16.1094519   9.5855124
  11.7888153  17.9573011   8.5695010
  12.3536076  18.7218657   9.6105886
  12.8589722  18.2302781  10.4332911
  12.2703871  20.1280957   9.5814777
  12.7054826  20.7134415  10.3800030
  11.6194642  20.7740162   8.5076155
  11.5347405  22.1304113   8.4733462
  11.9595476  22.5301285   9.2432022
  11.0520049  20.0072829   7.4673390
  10.5539523  20.5074085   6.6481186
  11.1374568  18.6014606   7.4989831
  10.7024482  18.0162410   6.6975372
  14.3569306  16.4364682   7.9047533
  15.1219440  15.8123894   8.6463843
  14.6918911  17.6115620   7.3652366
  14.0106265  18.0881810   6.7893711
  15.9609352  18.3085418   7.5988986
  16.1038983  18.4470094   8.6712461
  16.7850732  17.7019358   7.2224102
  16.0234167  19.6833778   6.9221085
  15.1282279  20.0565203   6.1578575
  17.0847938  20.4422232   7.2014530
  17.7832406  20.0760347   7.8350496
  17.3209264  21.7847043   6.6564823
  17.3113033  21.7397889   5.5668569
  16.5200600  22.4527212   6.9751056
  18.6585907  22.3880811   7.1023937
  19.3840735  21.7931791   7.9057948
  18.9903403  23.5696549   6.5762909
  18.3380895  24.0061860   5.9391220
  20.2306640  24.3046028   6.8619781
  20.5646147  24.0625251   7.8724926
  21.3183721  23.8556394   5.8699828
  21.4530827  22.7765380   5.9598092
  20.9735280  24.0560167   4.8540715
  22.6685531  24.5199341   6.0741499
  23.0845091  25.5577827   5.2152612
  22.4491343  25.8724109   4.3960347
  24.3252293  26.1928818   5.4206934
  24.6430192  26.9879408   4.7601929
  25.1551844  25.7892513   6.4894024
  26.3581094  26.3907536   6.6878831
  26.5248183  27.0741041   6.0262978
  24.7382857  24.7493346   7.3480531
  25.3793423  24.4432869   8.1633407
  23.4964369  24.1168903   7.1406128
  23.1798257  23.3191770   7.8020526
  20.0173687  25.8284459   6.7917188
  19.1588644  26.3086437   6.0448082
  20.8116801  26.5895925   7.5508587
  21.5117350  26.1284265   8.1158145
  20.8533121  28.0568890   7.5289708
  20.5913002  28.4030322   6.5277202
  19.8193629  28.6156578   8.5212401
  18.8380513  28.2062787   8.2764103
  20.0721098  28.2747691   9.5267846
  19.7119379  30.1303151   8.5181147
  20.3050779  30.8872489   9.5489139
  20.8294327  30.3891776  10.3556426
  20.2243401  32.2939533   9.5309054
  20.6816900  32.8732625  10.3213776
  19.5475347  32.9483032   8.4783598
  19.4667266  34.3052157   8.4533199
  19.9132820  34.6995203   9.2138029
  18.9528808  32.1893561   7.4475725
  18.4352283  32.6957540   6.6443798
  19.0355455  30.7830729   7.4684257
  18.5776590  30.2037784   6.6753907
  22.2680512  28.5733180   7.8527078
  22.9883236  27.9661658   8.6518377
  22.6622544  29.7014672   7.2487418
  22.0044876  30.1549969   6.6294810
  23.9635110  30.3410866   7.4424167
  24.7656370  29.6420814   7.1973410
  24.0495935  31.2175411   6.7975837
  24.0744666  30.6558177   8.4819564
